1 0.36739062499999997 0.13775 0.03421875 0.07273611111111111
3 0.07675 0.49770833333333336 0.0466796875 0.24541666666666664
3 0.620703125 0.697 0.053328125000000004 0.19955555555555557
3 0.7211093749999999 0.16716666666666666 0.0416484375 0.19820833333333335
2 0.2819921875 0.5773194444444445 0.052476562500000004 0.2740694444444445
2 0.3105078125 0.5366111111111111 0.097 0.24268055555555554
2 0.40515625 0.45608333333333334 0.0722421875 0.22881944444444444
2 0.425203125 0.4365138888888889 0.0451484375 0.2730277777777778
2 0.5898515625 0.18191666666666664 0.047875 0.1804861111111111
2 0.5916718750000001 0.38040277777777776 0.104640625 0.19415277777777776
2 0.614703125 0.5388194444444444 0.0725859375 0.233375
2 0.7097734375 0.47304166666666664 0.05959375 0.2127638888888889
2 0.7410703125 0.4928194444444444 0.09718750000000001 0.24397222222222223
2 0.9084609374999999 0.2771666666666667 0.053851562500000005 0.2098888888888889