3 0.6619375 0.7364861111111111 0.039570312499999996 0.11581944444444445
1 0.3457734375 0.26366666666666666 0.032242187500000005 0.05919444444444444
2 0.19440625 0.49033333333333334 0.045890625000000004 0.15659722222222222
3 0.0706796875 0.6361249999999999 0.038015625 0.21206944444444445
0 0.35065625 0.25575 0.015601562499999999 0.02551388888888889
2 0.313421875 0.44254166666666667 0.057359375000000004 0.18599999999999997
2 0.35548437499999996 0.44379166666666664 0.0464296875 0.2579722222222222
2 0.3239296875 0.5919722222222222 0.078375 0.2209722222222222
2 0.3900234375 0.4706111111111111 0.0556171875 0.18890277777777775
2 0.439453125 0.4779166666666667 0.05290625 0.16418055555555555
2 0.4788046875 0.6311805555555555 0.0638984375 0.20450000000000002
2 0.519421875 0.3240416666666667 0.0552890625 0.14806944444444445
3 0.6100156250000001 0.27544444444444444 0.042460937500000004 0.18052777777777776
2 0.812453125 0.6915138888888889 0.0749453125 0.24183333333333334
2 0.7984140625 0.4224583333333334 0.0533828125 0.18519444444444444