3 0.317875 0.25275 0.047867187500000005 0.18405555555555558
0 0.6774765625 0.30001388888888886 0.0193125 0.03255555555555556
3 0.834125 0.548625 0.07367968750000001 0.20836111111111114
2 0.6497499999999999 0.46013888888888893 0.055374999999999994 0.21393055555555557
2 0.686890625 0.6323333333333333 0.047078125 0.24481944444444445
2 0.619796875 0.6699861111111111 0.055734375 0.23680555555555555
2 0.3829296875 0.6698194444444444 0.0641484375 0.2483611111111111
2 0.29778906250000003 0.3882222222222222 0.0411796875 0.20898611111111112
2 0.2135234375 0.5893194444444444 0.0556875 0.23769444444444443
2 0.07221875 0.6612777777777777 0.0632578125 0.26302777777777775
2 0.022046875 0.44255555555555554 0.04328125 0.22240277777777778
3 0.145046875 0.8279166666666667 0.0526640625 0.13994444444444445
2 0.68434375 0.33266666666666667 0.09553906250000001 0.2526388888888889
1 0.661484375 0.23923611111111112 0.038671875 0.06179166666666667