2 0.16254166666666667 0.764212962962963 0.072234375 0.26916666666666667
0 0.28590625000000003 0.46214814814814814 0.0198125 0.0385
1 0.3743697916666667 0.29185185185185186 0.035479166666666666 0.06517592592592593
3 0.35058333333333336 0.35448148148148145 0.029572916666666667 0.15711111111111112
2 0.34915625 0.548212962962963 0.07154166666666667 0.22236111111111112
2 0.3305885416666667 0.630537037037037 0.10624479166666667 0.23885185185185184
3 0.47599479166666664 0.8743055555555556 0.057479166666666665 0.24121296296296296
2 0.9647760416666666 0.7392685185185185 0.070453125 0.25262037037037033
3 0.9259010416666666 0.38319444444444445 0.03436458333333334 0.20342592592592593
2 0.7402708333333333 0.37102777777777773 0.04019791666666667 0.19760185185185186
2 0.6119427083333334 0.3982777777777778 0.043953125 0.20025925925925925
2 0.6408541666666667 0.5429259259259259 0.06844270833333334 0.2302962962962963
2 0.7508645833333334 0.6134444444444445 0.04888541666666667 0.21576851851851853
2 0.30200520833333333 0.5821574074074074 0.057416666666666664 0.2569166666666667
2 0.47140625 0.5148425925925926 0.054546875 0.22598148148148148