2 0.34367187499999996 0.3671111111111111 0.0838515625 0.18659722222222222
2 0.52825 0.4535277777777778 0.0601484375 0.1451527777777778
2 0.5988203125 0.4493472222222222 0.036109375 0.2082222222222222
2 0.6659453125 0.4953888888888889 0.063203125 0.20108333333333334
0 0.6591328125 0.6046388888888888 0.0228046875 0.030708333333333334
2 0.7611328125 0.616375 0.06609374999999999 0.18116666666666667
3 0.7164453125 0.364 0.021351562499999997 0.17643055555555556
3 0.022218750000000002 0.3705416666666667 0.044437500000000005 0.16568055555555555
2 0.5535 0.516 0.048140625 0.13120833333333334
2 0.5453515624999999 0.6066388888888888 0.08542187500000001 0.19343055555555558
2 0.6151718749999999 0.6235277777777778 0.088890625 0.2351527777777778
2 0.44936718750000004 0.5485416666666667 0.034078125 0.2201111111111111
1 0.66465625 0.30662500000000004 0.0316171875 0.065625