3 0.158109375 0.3322361111111111 0.05200781249999999 0.2081111111111111
3 0.386328125 0.7030833333333334 0.053093749999999995 0.16409722222222223
0 0.5395625 0.331875 0.0158046875 0.03676388888888889
2 0.3153125 0.23766666666666666 0.0360546875 0.20550000000000002
1 0.2621875 0.18640277777777778 0.03025 0.07120833333333333
2 0.355765625 0.3941111111111111 0.038828125000000005 0.21283333333333335
2 0.3003671875 0.5625138888888889 0.044101562500000004 0.23218055555555553
2 0.45440625 0.5348472222222221 0.059781249999999994 0.264125
2 0.5547890625 0.44916666666666666 0.05071875 0.2316666666666667
2 0.600515625 0.5384305555555555 0.072984375 0.25145833333333334
2 0.6270156250000001 0.4532638888888889 0.054640625 0.21208333333333332
2 0.6821484375 0.3040277777777778 0.0640625 0.21159722222222221
2 0.750671875 0.30904166666666666 0.067578125 0.22919444444444445
2 0.8319218749999999 0.5103055555555556 0.045429687499999996 0.22766666666666666
3 0.8124921875 0.22041666666666665 0.044921875 0.18072222222222223