1 0.3262265625 0.17480555555555555 0.035164062499999996 0.07209722222222222
3 0.200875 0.25181944444444443 0.045796875 0.18881944444444443
3 0.47708593749999995 0.7156666666666667 0.0526484375 0.16051388888888887
2 0.21061718749999997 0.6688472222222223 0.061382812499999995 0.2566666666666667
2 0.22940624999999998 0.5856111111111111 0.0846328125 0.25687499999999996
0 0.37625000000000003 0.3981944444444444 0.0163515625 0.02786111111111111
2 0.393765625 0.5026944444444444 0.053703125 0.21605555555555556
2 0.4163359375 0.4282777777777778 0.0470390625 0.2662777777777778
2 0.43834375000000003 0.3080138888888889 0.042875 0.2132638888888889
2 0.46636718750000006 0.18331944444444445 0.0507421875 0.19304166666666667
2 0.62590625 0.2940416666666667 0.061234374999999994 0.18297222222222223
2 0.591203125 0.3440416666666667 0.0504140625 0.22974999999999998
2 0.5765781249999999 0.4567777777777778 0.08106250000000001 0.2422638888888889
2 0.665578125 0.4900694444444445 0.06896875 0.22781944444444444
3 0.811328125 0.22290277777777778 0.058374999999999996 0.18908333333333333