3 0.329171875 0.7412777777777778 0.052617187499999996 0.10556944444444445
3 0.938875 0.5804166666666666 0.039875 0.2560555555555556
1 0.6818515625 0.1805138888888889 0.0414609375 0.07134722222222221
0 0.6929765625 0.21790277777777775 0.0190625 0.034999999999999996
2 0.6959531250000001 0.3637361111111111 0.0651953125 0.28302777777777777
2 0.628078125 0.4151111111111111 0.045515625 0.23895833333333336
2 0.4086953125 0.39458333333333334 0.062109375 0.22566666666666665
2 0.5716640625 0.21205555555555555 0.05321875 0.2058611111111111
2 0.33865625 0.35877777777777775 0.0872109375 0.22945833333333335
3 0.2963671875 0.21416666666666664 0.042812499999999996 0.20213888888888887
2 0.379265625 0.5396944444444445 0.052359375 0.27381944444444445
2 0.658796875 0.4879583333333333 0.0399921875 0.2497361111111111
2 0.4999921875 0.518888888888889 0.0728203125 0.27190277777777777
2 0.7407812500000001 0.5863194444444444 0.0432421875 0.24405555555555555
2 0.7677578125 0.6743888888888889 0.09718750000000001 0.2614722222222222