1 0.6394947916666667 0.31523148148148145 0.032390625 0.06010185185185185
3 0.6455 0.38914814814814813 0.029812500000000002 0.15977777777777777
2 0.021718750000000002 0.39564814814814814 0.043437500000000004 0.20612037037037037
2 0.014671875000000001 0.5013888888888889 0.029338541666666666 0.054620370370370375
2 0.04911458333333333 0.5971666666666667 0.07037500000000001 0.23137037037037037
2 0.18872395833333336 0.8472962962962963 0.10584895833333333 0.23162962962962963
3 0.19342708333333333 0.9148148148148149 0.0715 0.17037037037037037
0 0.7253802083333334 0.47025 0.012494791666666666 0.025685185185185182
2 0.7399895833333333 0.49204629629629626 0.039635416666666666 0.2026111111111111
2 0.5613020833333333 0.5357037037037037 0.04683854166666667 0.23437962962962963
2 0.5861354166666667 0.5626296296296296 0.05007291666666667 0.22118518518518518