0 0.8602604166666666 0.5805462962962963 0.017666666666666667 0.03887037037037037
2 0.8723854166666667 0.5924907407407407 0.05651041666666667 0.22201851851851853
3 0.8784479166666667 0.5426666666666667 0.031130208333333336 0.20385185185185184
2 0.6685052083333333 0.5850555555555556 0.02999479166666667 0.24048148148148152
2 0.540109375 0.4960925925925926 0.10028645833333334 0.2107037037037037
2 0.5191927083333333 0.3937407407407407 0.04386458333333333 0.18377777777777776
2 0.25906770833333337 0.4310833333333333 0.05279166666666667 0.19550925925925927
2 0.25026041666666665 0.3263888888888889 0.034375 0.19350925925925927
2 0.215703125 0.4479074074074074 0.04730729166666667 0.1958148148148148
2 0.4270729166666667 0.6195648148148148 0.09296354166666668 0.23912037037037037
2 0.3995416666666667 0.5871111111111111 0.06915104166666668 0.252
2 0.42525520833333336 0.6183148148148148 0.053911458333333336 0.27366666666666667
3 0.236578125 0.31012962962962964 0.028640625 0.1572962962962963
3 0.3350208333333333 0.7085462962962963 0.046364583333333334 0.24302777777777781
1 0.57859375 0.2414537037037037 0.032921875 0.061101851851851845