3 0.193125 0.3413611111111111 0.0419296875 0.19661111111111113
3 0.4409140625 0.7279305555555555 0.05157031250000001 0.13919444444444445
3 0.8644765624999999 0.25558333333333333 0.0408828125 0.19449999999999998
0 0.7824296875 0.36770833333333336 0.0189765625 0.035416666666666666
2 0.672296875 0.2675972222222222 0.0362109375 0.17130555555555557
2 0.7874531250000001 0.49472222222222223 0.049335937499999996 0.26445833333333335
2 0.697125 0.5123888888888889 0.06399218749999999 0.21366666666666667
2 0.6422265625 0.5141527777777778 0.0416953125 0.26719444444444446
2 0.6121015625 0.38383333333333336 0.0408203125 0.214875
2 0.48707812500000003 0.31920833333333337 0.056398437499999995 0.20230555555555554
2 0.3629765625 0.2704861111111111 0.0456875 0.12430555555555556
2 0.357734375 0.3915555555555556 0.049265625 0.222
2 0.2306640625 0.5448472222222223 0.06543750000000001 0.21468055555555554
2 0.2606953125 0.719486111111111 0.07863281250000001 0.20841666666666667
1 0.3157109375 0.21168055555555554 0.0346171875 0.07019444444444445