1 0.6986770833333333 0.34099999999999997 0.029729166666666664 0.05293518518518519
3 0.6995104166666667 0.4068703703703704 0.021963541666666666 0.11930555555555555
0 0.7650520833333334 0.4606388888888889 0.012427083333333333 0.021592592592592594
2 0.7754947916666667 0.477 0.035046875000000005 0.19165740740740742
2 0.540046875 0.4700648148148148 0.040713541666666665 0.1685185185185185
2 0.44865104166666664 0.4640833333333333 0.03327083333333333 0.17044444444444445
2 0.680484375 0.6263703703703704 0.06811979166666667 0.21569444444444444
2 0.3759427083333333 0.42848148148148146 0.04670833333333334 0.1671388888888889
2 0.177265625 0.48225 0.081640625 0.18516666666666665
2 0.03716145833333333 0.4979537037037037 0.06358854166666666 0.20425000000000001
2 0.038218749999999996 0.7886666666666666 0.035317708333333336 0.26252777777777775
2 0.2758541666666667 0.7375925925925926 0.06961979166666667 0.23752777777777775
3 0.44422395833333334 0.8774907407407407 0.06000520833333333 0.16546296296296295