1 0.011244791666666667 0.2641851851851852 0.022484375 0.06540740740740741
3 0.068875 0.30622222222222223 0.032817708333333334 0.13466666666666666
3 0.32914583333333336 0.7976018518518518 0.047109375 0.2026111111111111
2 0.24081770833333332 0.7409722222222223 0.08711458333333333 0.24491666666666667
2 0.23133854166666667 0.48642592592592593 0.06190625 0.1987685185185185
2 0.2998385416666667 0.5721759259259259 0.053078125 0.20732407407407408
2 0.36959895833333334 0.4485185185185185 0.06551562500000001 0.20074074074074075
2 0.37379166666666663 0.3831574074074074 0.08303124999999999 0.14780555555555555
0 0.47067708333333336 0.3633796296296296 0.01559375 0.023055555555555555
2 0.44231770833333334 0.3492685185185185 0.06928125 0.1392685185185185
2 0.44593750000000004 0.5909537037037037 0.053614583333333334 0.21523148148148147
2 0.5386302083333334 0.7298703703703704 0.057749999999999996 0.2227037037037037
2 0.8366979166666667 0.38419444444444445 0.07888020833333333 0.17208333333333334