3 0.5989687499999999 0.9074074074074074 0.059671875 0.18518518518518517
3 0.3324947916666667 0.35953703703703704 0.04963541666666667 0.18204629629629632
2 0.8045000000000001 0.3894722222222222 0.051984375 0.21969444444444444
2 0.5341406249999999 0.4708333333333333 0.05709895833333333 0.2268611111111111
0 0.25886458333333334 0.4439166666666667 0.01646875 0.03083333333333333
2 0.2415520833333333 0.47683333333333333 0.05525520833333333 0.24255555555555552
2 0.45145312499999996 0.5569907407407407 0.054223958333333336 0.2769351851851852
2 0.592953125 0.6955462962962964 0.04971875 0.25775925925925924
2 0.6665156250000001 0.5510277777777778 0.06977083333333334 0.22056481481481482
2 0.8412916666666667 0.8122037037037036 0.08598958333333333 0.3058888888888889
1 0.3627916666666666 0.27466666666666667 0.03731770833333334 0.07155555555555555