1 0.3855625 0.35065740740740736 0.03236979166666667 0.06474074074074074
3 0.352828125 0.39395370370370375 0.030265625 0.1536574074074074
3 0.45114583333333336 0.8969907407407407 0.052859375 0.20601851851851852
3 0.9407031250000001 0.42338888888888887 0.037171875 0.1685462962962963
2 0.9686770833333332 0.5372777777777777 0.041484375000000004 0.20187962962962963
2 0.5953229166666667 0.3721388888888889 0.052145833333333336 0.15862037037037038
2 0.5043958333333334 0.3549351851851852 0.047374999999999994 0.1612685185185185
2 0.5027760416666667 0.4819722222222222 0.058453125 0.16997222222222222
2 0.4873177083333333 0.49820370370370365 0.04577604166666667 0.20474074074074075
2 0.5871770833333334 0.5472962962962963 0.05278125 0.20802777777777776
2 0.4403020833333333 0.574 0.04809895833333333 0.20355555555555555
2 0.361328125 0.6258148148148148 0.060083333333333336 0.20532407407407408
2 0.351828125 0.6389722222222223 0.06125 0.22702777777777777