0 0.7581171875 0.37995833333333334 0.015421874999999998 0.029750000000000002
3 0.7281953125 0.2140138888888889 0.0426171875 0.18994444444444444
2 0.49701562499999996 0.21061111111111108 0.0423203125 0.19106944444444443
3 0.042484375000000005 0.5787777777777778 0.0350390625 0.21706944444444443
3 0.617453125 0.7051805555555556 0.0599765625 0.17623611111111112
2 0.8117812499999999 0.3973888888888889 0.08479687500000001 0.20350000000000001
2 0.448265625 0.3168888888888889 0.043460937500000005 0.19241666666666665
2 0.41715625 0.3655277777777778 0.0524296875 0.2125277777777778
2 0.4557578125 0.3917361111111111 0.074125 0.21865277777777778
2 0.5491171875 0.48600000000000004 0.055929687500000005 0.22506944444444446
2 0.6086796875 0.5012916666666667 0.06741406250000001 0.22170833333333334
2 0.6244765625 0.4089583333333333 0.0486640625 0.21605555555555556
2 0.188875 0.6649305555555556 0.045515625 0.2156527777777778
2 0.27871875 0.5868611111111112 0.07590625 0.21383333333333335
1 0.3432421875 0.19365277777777778 0.0330703125 0.07250000000000001