0 0.5864921875 0.18120833333333333 0.01928125 0.03186111111111111
1 0.5840625 0.171625 0.036296875 0.05159722222222222
2 0.6214375000000001 0.34679166666666666 0.073546875 0.2658055555555556
2 0.5848828125 0.34669444444444447 0.0457578125 0.340625
2 0.6623359375 0.5035277777777778 0.05065625 0.22929166666666667
3 0.0875 0.22501388888888887 0.0353671875 0.20836111111111114
3 0.7646171875000001 0.4618472222222222 0.0364765625 0.22925
3 0.45334375 0.74425 0.0561171875 0.10794444444444444
2 0.01015625 0.446125 0.0203125 0.2422361111111111
2 0.2348203125 0.6559583333333333 0.07375781249999999 0.27581944444444445
2 0.345421875 0.2665277777777778 0.0543359375 0.2025
2 0.368375 0.43200000000000005 0.047109374999999995 0.24734722222222222
2 0.3796484375 0.6019722222222222 0.0527890625 0.2817222222222222
2 0.5093593750000001 0.4298194444444445 0.0572109375 0.22075
2 0.5476640625 0.45175 0.06038281250000001 0.23961111111111114