2 0.15462499999999998 0.7309814814814816 0.06019270833333333 0.1974074074074074
2 0.32930208333333333 0.5106851851851851 0.06877083333333332 0.2039074074074074
1 0.34036458333333336 0.29180555555555554 0.02988020833333333 0.05979629629629629
3 0.33981770833333336 0.3375648148148148 0.025812500000000002 0.15925925925925927
2 0.38306250000000003 0.46339814814814817 0.055760416666666666 0.2151574074074074
2 0.43420312499999997 0.4874259259259259 0.03750520833333334 0.21030555555555555
2 0.47546875 0.5186759259259259 0.04116145833333333 0.19608333333333333
2 0.5128333333333334 0.6545555555555556 0.062322916666666665 0.2025462962962963
2 0.5501979166666667 0.7394722222222222 0.05818229166666666 0.21174074074074076
3 0.35644791666666664 0.7835092592592593 0.050145833333333334 0.194
2 0.7010000000000001 0.42603703703703705 0.03538541666666666 0.18012037037037038
2 0.7449010416666667 0.4202685185185185 0.053244791666666666 0.19503703703703704
3 0.8961406249999999 0.3637962962962963 0.06703125 0.16146296296296295
3 0.8845104166666666 0.6063611111111111 0.05716666666666667 0.2206574074074074