3 0.39171875 0.8722222222222222 0.063921875 0.25555555555555554
2 0.3051770833333334 0.7877962962962963 0.07834374999999999 0.2829907407407407
2 0.9876927083333332 0.7000648148148149 0.02461979166666667 0.1779074074074074
3 0.9871718749999999 0.33612037037037035 0.025661458333333335 0.19446296296296298
3 0.356 0.3039351851851852 0.034151041666666666 0.1782314814814815
1 0.38675 0.2434537037037037 0.03731770833333334 0.05726851851851852
0 0.4043072916666667 0.294962962962963 0.018265625 0.030666666666666665
2 0.38859895833333336 0.4381203703703704 0.03893229166666667 0.2280925925925926
2 0.40341666666666665 0.4555185185185185 0.05190104166666667 0.2665925925925926
2 0.45748958333333334 0.6682222222222222 0.080875 0.2808981481481482
2 0.475296875 0.5016296296296296 0.037328125000000004 0.244
2 0.49428125 0.4467314814814815 0.06488020833333333 0.24901851851851853
2 0.5427395833333333 0.4992037037037037 0.080546875 0.191
2 0.6044322916666667 0.28329629629629627 0.05393229166666667 0.21844444444444444
2 0.6087395833333333 0.536425925925926 0.06670833333333334 0.24321296296296296