2 0.23809375 0.8462962962962963 0.081671875 0.3074074074074074
2 0.31821354166666665 0.5336481481481482 0.058583333333333334 0.28582407407407406
2 0.34116145833333333 0.5377777777777777 0.06905729166666667 0.3125925925925926
2 0.27229166666666665 0.5582314814814815 0.08340104166666666 0.2831296296296296
2 0.39234895833333333 0.5203518518518518 0.07768229166666667 0.2814537037037037
2 0.4956979166666667 0.7233796296296297 0.076046875 0.365287037037037
2 0.6736041666666667 0.6430370370370371 0.08810937499999999 0.28977777777777775
2 0.779984375 0.5260833333333333 0.059208333333333335 0.27068518518518514
2 0.8628697916666667 0.8242777777777778 0.11455729166666666 0.31893518518518515
3 0.32929166666666665 0.3051759259259259 0.03906770833333333 0.21775
3 0.36632291666666666 0.8888888888888888 0.07146354166666667 0.2222222222222222
1 0.36044791666666665 0.24775 0.03888020833333334 0.0880925925925926
0 0.3641875 0.23419444444444446 0.017197916666666667 0.035055555555555555