3 0.479484375 0.7523888888888889 0.0474609375 0.09090277777777778
3 0.23090625 0.35725 0.0346796875 0.23394444444444445
3 0.9386093750000001 0.2249722222222222 0.052109375 0.21383333333333335
2 0.6884453125000001 0.5185694444444444 0.10600781249999999 0.22601388888888888
2 0.71146875 0.49916666666666665 0.089546875 0.22054166666666666
2 0.5419296874999999 0.4315277777777778 0.0661015625 0.20472222222222222
2 0.4923046875 0.3780138888888889 0.10903125 0.22547222222222224
2 0.48305468749999997 0.21502777777777776 0.0421015625 0.19395833333333334
2 0.4755859375 0.29819444444444443 0.0490390625 0.2074861111111111
2 0.3583046875 0.500375 0.05040625 0.26463888888888887
2 0.43051562499999996 0.5459861111111112 0.0620234375 0.25030555555555556
2 0.50896875 0.7050555555555555 0.054867187500000004 0.17955555555555555
1 0.3789765625 0.21093055555555557 0.040195312500000004 0.07741666666666668
0 0.5345859374999999 0.4350833333333333 0.0201640625 0.0285