0 0.3692578125 0.65825 0.0234140625 0.042694444444444445
3 0.156046875 0.7619166666666667 0.070203125 0.26193055555555556
3 0.340734375 0.13680555555555557 0.040023437499999995 0.19822222222222222
2 0.41278125 0.21747222222222223 0.0769765625 0.23654166666666668
2 0.5450390625 0.2593333333333333 0.042390625 0.22897222222222224
2 0.6321953125 0.446 0.06936718750000001 0.26502777777777775
2 0.617703125 0.469625 0.087265625 0.26069444444444445
2 0.5723515625 0.508 0.07468749999999999 0.2779027777777778
2 0.70921875 0.49675 0.06046875 0.29906944444444444
2 0.4286875 0.5976527777777778 0.110515625 0.19927777777777778
2 0.37479687500000003 0.6152222222222222 0.10814062499999999 0.23838888888888887
2 0.248640625 0.4899722222222222 0.079046875 0.237875
2 0.15814843750000002 0.5453055555555556 0.0632421875 0.25729166666666664
1 0.75771875 0.12518055555555554 0.0436328125 0.0916388888888889