3 0.23370312499999998 0.2946944444444445 0.04425 0.18043055555555554
3 0.8724999999999999 0.28305555555555556 0.0631328125 0.20301388888888888
2 0.914859375 0.6303194444444444 0.10725 0.2510972222222222
2 0.7863749999999999 0.5464027777777778 0.0695078125 0.26180555555555557
2 0.4441171875 0.4738611111111111 0.0512734375 0.19429166666666664
3 0.2941953125 0.7690694444444445 0.052414062500000004 0.17373611111111112
0 0.44517968750000003 0.4515694444444444 0.016710937500000002 0.034361111111111106
1 0.31375000000000003 0.21645833333333334 0.038234375 0.08143055555555556
2 0.2932578125 0.5346527777777778 0.0678359375 0.23994444444444443
2 0.3814609375 0.4221944444444445 0.08352343749999999 0.2412083333333333
2 0.399359375 0.5368888888888889 0.061296874999999994 0.24043055555555556
2 0.42201562499999995 0.4520972222222222 0.0351796875 0.17801388888888886
2 0.4786015625 0.41277777777777774 0.07021875 0.19459722222222225
2 0.4964140625 0.526125 0.0969296875 0.23875000000000002