3 0.16097916666666665 0.2658055555555556 0.042026041666666666 0.1723611111111111
2 0.062098958333333336 0.4704907407407407 0.04009895833333333 0.1965462962962963
2 0.41013020833333336 0.43669444444444444 0.054906250000000004 0.19932407407407407
2 0.5429791666666667 0.2418703703703704 0.03311458333333333 0.1467037037037037
2 0.715703125 0.5271851851851852 0.06199479166666667 0.19510185185185186
3 0.6171927083333333 0.7219166666666667 0.03986979166666667 0.17716666666666667
2 0.8706197916666666 0.6329722222222223 0.06339062499999999 0.20297222222222222
0 0.6536354166666667 0.27192592592592596 0.014593749999999999 0.025046296296296296
2 0.6232708333333333 0.4133425925925926 0.06591145833333333 0.1764814814814815
2 0.615 0.44275000000000003 0.05017708333333334 0.17769444444444443
2 0.612234375 0.38012962962962965 0.047296875 0.19441666666666665
2 0.6220052083333333 0.30641666666666667 0.028307291666666668 0.0860925925925926
2 0.6473177083333332 0.3318240740740741 0.038427083333333334 0.19244444444444445
3 0.706703125 0.28714814814814815 0.035666666666666666 0.1619537037037037
1 0.6270625 0.21021296296296296 0.030317708333333335 0.041824074074074076