2 0.7825989583333333 0.6903888888888889 0.054015625 0.23632407407407408
0 0.2888541666666667 0.6176574074074075 0.014729166666666666 0.024657407407407406
2 0.254890625 0.43172222222222223 0.049666666666666665 0.15510185185185185
3 0.23517187499999997 0.385 0.020645833333333332 0.1635277777777778
3 0.5835520833333334 0.8125185185185185 0.04683333333333333 0.19910185185185186
3 0.7035416666666666 0.4112777777777778 0.027697916666666666 0.15126851851851852
2 0.487734375 0.33346296296296296 0.05441666666666667 0.15535185185185185
2 0.506375 0.43961111111111106 0.04221875 0.16858333333333334
2 0.3678489583333333 0.5399259259259259 0.06725520833333333 0.17012037037037037
2 0.28525520833333334 0.6145277777777778 0.05570833333333333 0.2013611111111111
2 0.37862500000000004 0.7951759259259259 0.08359895833333333 0.2315648148148148
2 0.43871875 0.5945277777777778 0.05794791666666667 0.16822222222222222
2 0.5132760416666666 0.6553888888888889 0.05472395833333333 0.21123148148148146
2 0.6315781250000001 0.5364351851851852 0.056953125 0.20017592592592592
1 0.6523802083333333 0.3205092592592592 0.029187499999999998 0.05106481481481481