0 0.5110390625 0.37581944444444443 0.019015625 0.03340277777777778
2 0.47466406250000004 0.40447222222222223 0.0556484375 0.21769444444444447
3 0.20392968749999998 0.2298888888888889 0.0699921875 0.197875
3 0.9505078125 0.7487083333333334 0.081 0.2355277777777778
2 0.5677890624999999 0.24063888888888887 0.040999999999999995 0.19555555555555557
2 0.42974218750000004 0.563875 0.09303125 0.2547361111111111
2 0.4846328125 0.6315972222222223 0.09567187499999999 0.25127777777777777
2 0.3402578125 0.42215277777777777 0.108265625 0.22923611111111114
2 0.24769531250000001 0.4144861111111111 0.059304687499999995 0.22977777777777778
2 0.14115625 0.5455277777777777 0.060046875 0.24979166666666666
2 0.687421875 0.40831944444444446 0.0659921875 0.2095