3 0.6365885416666667 0.8302407407407407 0.06823958333333334 0.27899074074074076
3 0.16480729166666666 0.35206481481481483 0.043432291666666664 0.2041388888888889
0 0.572625 0.31317592592592597 0.015317708333333334 0.0300462962962963
1 0.7156458333333333 0.2594444444444444 0.03677083333333333 0.06703703703703705
2 0.7000572916666666 0.7791111111111112 0.06809895833333333 0.2248888888888889
2 0.6988749999999999 0.6086111111111111 0.055322916666666666 0.18019444444444446
2 0.61465625 0.5025092592592593 0.07855208333333333 0.2568796296296296
2 0.5770833333333333 0.3728518518518519 0.047151041666666664 0.1716388888888889
2 0.5353593750000001 0.30136111111111114 0.040791666666666664 0.1990185185185185
2 0.2992447916666666 0.6321018518518519 0.05396875 0.32346296296296295
2 0.19142708333333333 0.40976851851851853 0.03625520833333333 0.21582407407407408
2 0.360515625 0.4853148148148148 0.043182291666666664 0.23729629629629628
2 0.4485364583333334 0.45022222222222225 0.06505729166666667 0.22266666666666665
2 0.458265625 0.5843148148148147 0.04702083333333333 0.25751851851851854