1 0.2775989583333333 0.5794166666666667 0.060265624999999996 0.23732407407407408
1 0.537390625 0.5598333333333333 0.05625 0.23249999999999998
1 0.386484375 0.46967592592592594 0.03372395833333333 0.17478703703703705
1 0.22793229166666668 0.511962962962963 0.042994791666666664 0.22585185185185183
1 0.42533333333333334 0.5799444444444445 0.04629166666666666 0.2479444444444444
1 0.34789583333333335 0.5306851851851851 0.04913541666666667 0.21689814814814815
2 0.46514062500000003 0.57925 0.034468750000000006 0.23412962962962963
1 0.5465052083333333 0.4951944444444444 0.05969270833333333 0.19687962962962963
1 0.324546875 0.49533333333333335 0.04681770833333333 0.1938148148148148
0 0.310359375 0.5062222222222222 0.021005208333333334 0.03489814814814814
1 0.4471822916666667 0.49090740740740735 0.026270833333333334 0.19999074074074075
1 0.45582291666666663 0.4776388888888889 0.024083333333333335 0.19182407407407406
2 0.51928125 0.4217222222222222 0.032385416666666667 0.1567962962962963
3 0.23530729166666667 0.28049074074074076 0.036786458333333334 0.06220370370370371