0 0.44597812500000006 0.6888944444444445 0.016746875 0.03075
1 0.44584375000000004 0.7228666666666667 0.06259375 0.2109388888888889
1 0.38180625 0.44067222222222224 0.031240625 0.1475
1 0.46451875000000004 0.6113888888888889 0.0522375 0.17208333333333334
1 0.5351937499999999 0.6223166666666667 0.074775 0.17208333333333334
1 0.6501718750000001 0.5931777777777778 0.053775 0.20121666666666665
1 0.530328125 0.4666222222222222 0.051728125 0.15205
1 0.722896875 0.5258055555555555 0.051728125 0.1684388888888889
1 0.7541374999999999 0.6022833333333333 0.049678125 0.19028888888888887
1 0.803559375 0.5522111111111111 0.067603125 0.18118888888888887
3 0.83928125 0.29949444444444445 0.0374875 0.05915
2 0.78796875 0.35572777777777775 0.034209375 0.14662222222222224
2 0.682865625 0.7778166666666666 0.044609375 0.16821666666666668
2 0.058125 0.4425777777777778 0.05947812500000001 0.1626111111111111