3 0.271715625 0.2950055555555556 0.041890625 0.08133333333333334
1 0.37296250000000003 0.5708388888888889 0.0775375 0.23311666666666667
1 0.6533312499999999 0.3112611111111111 0.075034375 0.16094444444444445
2 0.75239375 0.26663333333333333 0.039528125 0.18952777777777777
1 0.8346875 0.38886111111111116 0.0661375 0.15847777777777777
1 0.37806562499999996 0.43159444444444445 0.050725 0.19891111111111112
1 0.47734375 0.44606666666666667 0.06993125 0.2084277777777778
1 0.7098749999999999 0.4948 0.061196875000000005 0.2230388888888889
1 0.771628125 0.7716055555555557 0.12159375 0.2535777777777778
1 0.7565593749999999 0.6746888888888889 0.089671875 0.18539444444444445
1 0.43200625000000004 0.45811111111111114 0.04123125 0.2061611111111111
1 0.50038125 0.3650833333333333 0.035625 0.2402111111111111
0 0.5030875 0.2607277777777778 0.018125 0.031516666666666665
2 0.7391625000000001 0.9392055555555555 0.06792187499999999 0.1215888888888889