3 0.568928125 0.25805 0.051934375 0.07718333333333334
1 0.39378749999999996 0.5862611111111111 0.100440625 0.29749444444444445
1 0.45571249999999996 0.6186444444444444 0.08243125 0.29855
1 0.469884375 0.6694666666666667 0.06529375 0.3239388888888889
1 0.314134375 0.727588888888889 0.1333625 0.2847388888888889
1 0.28729375 0.5735055555555555 0.079703125 0.2640388888888889
1 0.5184031250000001 0.6326388888888889 0.050653125 0.3346166666666666
2 0.029346874999999998 0.41235 0.058221875 0.28555
0 0.572309375 0.40566111111111114 0.020265625 0.03591111111111111
1 0.33916562499999997 0.7015444444444444 0.08797187499999999 0.3342777777777778
1 0.365015625 0.5811000000000001 0.074628125 0.23866666666666667
1 0.35771875000000003 0.5625666666666667 0.079215625 0.2786888888888889