1 0.1597125 0.49441666666666667 0.039840625 0.19920555555555555
1 0.3243125 0.48976111111111115 0.034815624999999996 0.19628888888888887
1 0.5019 0.2927333333333333 0.029068749999999997 0.1508611111111111
1 0.551409375 0.41952222222222224 0.03305 0.18628333333333333
1 0.753040625 0.7428388888888888 0.03809375 0.23191666666666666
1 0.71785 0.6639444444444444 0.08922187499999999 0.21528333333333333
1 0.6664125 0.5999111111111111 0.05733125 0.17063333333333333
1 0.42770625 0.7281944444444445 0.08520312499999999 0.21332222222222222
1 0.690959375 0.6287722222222222 0.082359375 0.18986111111111112
1 0.35414687499999997 0.7652333333333333 0.046365625 0.21254444444444442
0 0.35966875000000004 0.6579944444444445 0.019146875 0.03201111111111111
2 0.04700625 0.8322055555555555 0.054325 0.2350888888888889
2 0.405878125 0.28449444444444444 0.031646875 0.14568333333333333
3 0.745778125 0.3023944444444444 0.037165625 0.06879444444444445