1 0.190025 0.46147222222222223 0.07899062500000001 0.20048888888888888
1 0.27845624999999996 0.5480277777777778 0.112775 0.22168333333333332
1 0.25883125 0.4597055555555556 0.0914125 0.20754999999999998
1 0.4135875 0.42128888888888893 0.037259375000000004 0.19430555555555556
1 0.556415625 0.7021444444444443 0.081475 0.2367
1 0.594421875 0.5784944444444444 0.083959375 0.20843333333333333
1 0.738990625 0.5802611111111111 0.089921875 0.2314
1 0.6008781249999999 0.4146611111111111 0.06309375 0.18105555555555555
2 0.970221875 0.65445 0.059556250000000005 0.21903333333333333
2 0.36589374999999996 0.3289944444444445 0.06110625 0.15809444444444445
3 0.9821437500000001 0.25480555555555556 0.0357125 0.06977222222222222
0 0.6012375 0.40595000000000003 0.01885 0.028666666666666667