1 0.6462135416666667 0.42745370370370367 0.07623437500000001 0.16283333333333336
1 0.4726354166666667 0.5401296296296296 0.06870833333333333 0.18325
1 0.5986666666666667 0.4418055555555555 0.05053125 0.17342592592592593
1 0.553734375 0.4303240740740741 0.04225 0.19308333333333333
1 0.52559375 0.3849814814814815 0.04827083333333334 0.17775925925925926
2 0.17415104166666667 0.8961851851851852 0.055515625 0.20762962962962964
1 0.5064427083333334 0.8157037037037037 0.04907291666666667 0.2091111111111111
1 0.49952083333333336 0.7112037037037037 0.05530729166666667 0.21987962962962962
0 0.5142604166666667 0.547212962962963 0.01559375 0.027333333333333334
1 0.598578125 0.364462962962963 0.03999479166666667 0.1706851851851852
1 0.639203125 0.3346574074074074 0.057317708333333335 0.12562037037037035
1 0.638890625 0.2809074074074074 0.041375 0.12003703703703703
2 0.5128854166666666 0.27199074074074076 0.022859375 0.12285185185185186
3 0.45333854166666665 0.20514814814814816 0.029510416666666664 0.04928703703703703
2 0.9583489583333333 0.25743518518518516 0.030494791666666667 0.15949074074074074