1 0.10931874999999999 0.6475777777777778 0.06702812500000001 0.17448333333333332
1 0.19741875 0.47141666666666665 0.06543125 0.12625
1 0.359890625 0.5019166666666667 0.031953125 0.13850555555555555
1 0.59101875 0.3478166666666667 0.024803125000000002 0.12937777777777779
1 0.390965625 0.3008222222222222 0.04111875 0.11661666666666666
1 0.4051625 0.1679611111111111 0.024474999999999997 0.08296666666666667
1 0.3751375 0.22220555555555557 0.020559375 0.09515000000000001
1 0.247209375 0.3376611111111111 0.034265625 0.09747222222222221
1 0.22338750000000002 0.29617777777777776 0.031003125 0.15490555555555555
1 0.34707187500000003 0.41743888888888886 0.024474999999999997 0.11081111111111111
2 0.437471875 0.16447777777777778 0.017296875 0.08180555555555556
2 0.023987500000000002 0.39858333333333335 0.047971875 0.10791111111111111
3 0.18830312500000002 0.15983888888888886 0.022190625000000002 0.04003333333333334
0 0.227303125 0.21379444444444443 0.01076875 0.01798333333333333