3 0.71661875 0.2516 0.042484375 0.07535
1 0.534684375 0.2402222222222222 0.047146875000000005 0.1557722222222222
1 0.851409375 0.5874777777777778 0.069634375 0.22238333333333335
1 0.67940625 0.6974222222222222 0.049059375 0.24005555555555558
2 0.27069375 0.85015 0.0521125 0.27366666666666667
1 0.60499375 0.5467166666666667 0.06352812499999999 0.23083333333333333
2 0.324065625 0.2164333333333333 0.036246875 0.1858888888888889
1 0.495025 0.45514444444444446 0.06433749999999999 0.1835
1 0.40986875 0.7680722222222222 0.050246874999999996 0.20327222222222222
1 0.731278125 0.45597777777777776 0.053899999999999997 0.2766722222222222
1 0.577221875 0.49550555555555553 0.045965625 0.21705555555555556
1 0.731128125 0.40618333333333334 0.066275 0.29835
0 0.7049187499999999 0.3750722222222222 0.0176 0.030488888888888892