1 0.18529687500000003 0.7016111111111112 0.046525 0.21295555555555556
1 0.31524375 0.55045 0.051871875000000005 0.17682777777777778
1 0.50561875 0.5342888888888889 0.05508125 0.16732222222222223
1 0.69145 0.602261111111111 0.048128124999999994 0.1872888888888889
1 0.58155625 0.5723166666666667 0.05721875 0.17302777777777778
1 0.710165625 0.4653611111111111 0.047059375 0.1739777777777778
1 0.49786562500000003 0.4059444444444445 0.039571875 0.1502111111111111
1 0.5532125 0.37552222222222226 0.041178125 0.1254888888888889
1 0.595190625 0.4653611111111111 0.038503125 0.17207777777777777
1 0.57139375 0.5029166666666667 0.047593750000000004 0.16542222222222222
2 0.7665843750000001 0.3817 0.03048125 0.1511611111111111
2 0.551875 0.7624555555555556 0.071659375 0.21675555555555556
2 0.194921875 0.4520555555555556 0.034759375 0.16066666666666665
3 0.286634375 0.2842555555555556 0.032084375 0.05513888888888889
0 0.6962031249999999 0.44224444444444444 0.01398125 0.024855555555555558