1 0.214059375 0.53915 0.028409375 0.16037222222222222
1 0.34115 0.5404777777777778 0.031400000000000004 0.16302777777777777
1 0.41541249999999996 0.622438888888889 0.05233125 0.17809444444444444
1 0.519078125 0.37922222222222224 0.030403125000000003 0.14708333333333334
1 0.6362 0.42485555555555554 0.035387499999999995 0.15151111111111112
1 0.6865375 0.5404777777777778 0.049340625 0.17188888888888887
1 0.6571312500000001 0.7150277777777777 0.04834375 0.20733333333333331
1 0.6850406250000001 0.7079388888888889 0.05033750000000001 0.18961111111111112
1 0.75456875 0.3947277777777778 0.047846875000000004 0.1444222222222222
1 0.7897031250000001 0.4563055555555556 0.039371875 0.17188888888888887
3 0.9743593749999999 0.29814999999999997 0.031896875 0.05405
2 0.9931593750000001 0.40713333333333335 0.013678125000000001 0.16746111111111112
2 0.516334375 0.7531277777777778 0.03688125 0.14176666666666668
2 0.08422812499999999 0.3996 0.0508375 0.15062777777777778