1 0.5668802083333334 0.6600462962962963 0.06530208333333333 0.23271296296296298
1 0.4725989583333333 0.551712962962963 0.04627604166666666 0.2048888888888889
1 0.6101302083333333 0.43672222222222223 0.047906250000000004 0.16146296296296295
2 0.116265625 0.5593981481481481 0.06091666666666666 0.16398148148148148
1 0.78378125 0.4326481481481481 0.05341666666666667 0.1775
1 0.6495104166666666 0.4908611111111111 0.04157291666666666 0.19019444444444444
1 0.26934375 0.5732592592592592 0.04560416666666667 0.18635185185185185
1 0.7729322916666667 0.6550185185185184 0.05188020833333333 0.2364814814814815
1 0.4505572916666667 0.3915462962962963 0.0313125 0.1820277777777778
1 0.25734375000000004 0.7719444444444444 0.05071875 0.22187037037037038
1 0.4744322916666667 0.4084814814814815 0.04625 0.15903703703703703
3 0.36419270833333334 0.2502962962962963 0.033859375000000004 0.04951851851851852
2 0.7585989583333334 0.2841388888888889 0.0471875 0.1405925925925926
0 0.5154114583333333 0.3065 0.014869791666666667 0.02636111111111111