3 0.58855625 0.24339444444444444 0.0411125 0.08007222222222223
1 0.6520718750000001 0.6297555555555555 0.13924375 0.13011666666666666
1 0.5123375 0.7152555555555555 0.080765625 0.21450000000000002
1 0.544571875 0.4098722222222222 0.04786875 0.20354444444444444
1 0.4782875 0.5494722222222223 0.05418437499999999 0.23081666666666667
2 0.5953375 0.8938055555555555 0.061375 0.21115
1 0.612125 0.5283277777777777 0.0487 0.20865
1 0.040075 0.48758888888888885 0.042303125000000004 0.2389611111111111
2 0.6622625 0.3656055555555556 0.043728125 0.2094277777777778
1 0.5732906249999999 0.6480333333333334 0.072675 0.22464444444444445
1 0.30240625 0.7712888888888888 0.05581562500000001 0.2003777777777778
1 0.623709375 0.55375 0.046968750000000004 0.24435555555555555
1 0.5695718750000001 0.5836333333333333 0.088996875 0.14415000000000003
0 0.7154250000000001 0.6574666666666666 0.021753124999999998 0.03516111111111111