1 0.21425625 0.7102555555555555 0.043068749999999996 0.2375888888888889
1 0.587165625 0.7860777777777778 0.04737812500000001 0.16713333333333333
1 0.713384375 0.6999222222222221 0.052259375 0.24571666666666667
1 0.6002968750000001 0.584388888888889 0.06554375 0.18739999999999998
1 0.417928125 0.5427055555555556 0.04205625 0.20480555555555555
1 0.45859062500000003 0.4527611111111111 0.04588125 0.18738333333333335
1 0.506196875 0.3704444444444444 0.040446875 0.26747777777777776
1 0.495378125 0.35862777777777777 0.050046875000000005 0.23356111111111114
1 0.46668750000000003 0.40088333333333337 0.0389375 0.19673333333333334
1 0.3864 0.2750666666666667 0.035684375 0.1589777777777778
2 0.21951562500000002 0.27075 0.03160625 0.1544611111111111
2 0.77509375 0.5428333333333334 0.035699999999999996 0.21122222222222223
3 0.5878656250000001 0.2863888888888889 0.0383625 0.07057222222222222
0 0.49970937499999996 0.21289444444444444 0.014746875 0.02847222222222222