1 0.08857187500000001 0.77625 0.054734375 0.26096111111111114
1 0.197296875 0.6908833333333333 0.06618125 0.2494611111111111
1 0.432909375 0.7634222222222222 0.066678125 0.25653888888888887
1 0.49311875 0.7209611111111112 0.053740625 0.31138333333333335
1 0.522975 0.7368833333333333 0.075634375 0.2795388888888889
1 0.661803125 0.46088333333333337 0.06866875 0.20346111111111112
1 0.515259375 0.46973333333333334 0.06916562500000001 0.20169444444444445
1 0.39235312499999997 0.4639833333333333 0.073146875 0.19373333333333334
1 0.353540625 0.44849999999999995 0.0701625 0.1733833333333333
1 0.8872125 0.5922499999999999 0.062696875 0.25211666666666666
2 0.8404406249999999 0.3918833333333333 0.053740625 0.19992222222222222
2 0.338365625 0.8326166666666667 0.05274375 0.3347666666666667
2 0.3231875 0.34986666666666666 0.036324999999999996 0.17780555555555555
0 0.413503125 0.14375 0.01691875 0.03096111111111111
3 0.33811562500000003 0.28573333333333334 0.039309375 0.058383333333333336