1 0.19256875 0.6992888888888888 0.10748125 0.2875
1 0.797646875 0.7103444444444443 0.066678125 0.26184444444444444
1 0.626225 0.6298444444444444 0.06618125 0.24769444444444447
1 0.641153125 0.5449222222222222 0.048265625 0.24061666666666667
1 0.6108 0.45159444444444446 0.052246875 0.20257777777777777
1 0.753609375 0.4162111111111111 0.046275000000000004 0.2149611111111111
1 0.510534375 0.5422666666666667 0.10748125 0.21938333333333332
1 0.501578125 0.48875 0.0597125 0.2485777777777778
1 0.53815 0.5351944444444444 0.074140625 0.23884444444444444
1 0.376928125 0.49671111111111116 0.073146875 0.23973333333333333
2 0.6408687500000001 0.8528888888888889 0.055962500000000005 0.28081666666666666
2 0.267178125 0.38592777777777776 0.041521875 0.20058333333333334
2 0.882325 0.46455555555555555 0.037009375000000004 0.20379444444444444
3 0.7366812500000001 0.286 0.0407 0.058644444444444443
0 0.367953125 0.34844444444444445 0.020075 0.038377777777777775