1 0.6899114583333333 0.4411388888888889 0.050479166666666665 0.15169444444444447
1 0.5421666666666667 0.36589814814814814 0.05147395833333333 0.21150925925925926
1 0.5783020833333333 0.5449166666666666 0.06575 0.18452777777777776
1 0.465765625 0.44649074074074074 0.062171875 0.17612037037037037
1 0.5625572916666666 0.7260462962962962 0.06471875 0.24908333333333332
1 0.44967708333333334 0.3272222222222222 0.04044791666666667 0.1597222222222222
2 0.7834114583333334 0.9035 0.05973958333333333 0.18972222222222224
1 0.3444375 0.2822222222222222 0.032505208333333334 0.14416666666666667
1 0.25922395833333334 0.2599537037037037 0.03211458333333333 0.13446296296296295
2 0.15033333333333332 0.2693055555555556 0.033838541666666666 0.14349074074074075
1 0.43870833333333337 0.3028148148148148 0.027171875 0.1577685185185185
0 0.48080208333333335 0.14108333333333334 0.01221875 0.020175925925925924
3 0.6707968750000001 0.17675925925925925 0.029427083333333333 0.05249074074074074