1 0.1933125 0.46005555555555555 0.072546875 0.17301111111111112
1 0.23998125 0.6134055555555556 0.065028125 0.19817777777777779
1 0.330221875 0.46162777777777775 0.066796875 0.16357777777777777
1 0.3423875 0.4191611111111111 0.04600625 0.17301111111111112
1 0.416040625 0.7081722222222222 0.058834375 0.2209833333333333
1 0.635009375 0.5839166666666666 0.08714375 0.23828333333333335
1 0.5257468750000001 0.3715833333333333 0.038484375 0.13605
1 0.63655625 0.50095 0.045121875 0.19503333333333334
1 0.68654375 0.5076333333333334 0.029196875 0.19110000000000002
1 0.735646875 0.4124777777777778 0.03804375 0.1580722222222222
2 0.54145 0.7974277777777777 0.040696874999999993 0.14784444444444444
2 0.2888625 0.3440611111111111 0.054853125 0.13133333333333333
0 0.547421875 0.37394444444444447 0.01548125 0.022805555555555555