1 0.21393125000000002 0.6190722222222221 0.12662812499999998 0.08319444444444445
1 0.30516875 0.6806 0.106178125 0.24120000000000003
1 0.307640625 0.4209333333333333 0.069640625 0.17915
1 0.3711375 0.46135 0.061446875 0.21337777777777778
1 0.494440625 0.5370888888888888 0.111421875 0.19444444444444445
1 0.457365625 0.4194722222222222 0.08725312499999999 0.21847777777777777
1 0.50201875 0.44642222222222216 0.095446875 0.1762388888888889
1 0.6828749999999999 0.6954833333333332 0.0950375 0.25634444444444443
1 0.868034375 0.6368611111111111 0.072096875 0.24687777777777778
1 0.7547687500000001 0.46826666666666666 0.048746875 0.1922611111111111
2 0.482765625 0.7530166666666667 0.060218749999999995 0.2432388888888889
2 0.35929062500000003 0.3091277777777777 0.034990625 0.16461666666666666
3 0.401109375 0.21582222222222222 0.03584375 0.06751666666666667
0 0.55323125 0.4013 0.0157875 0.02731111111111111