3 0.011659375000000001 0.27462777777777775 0.023318750000000003 0.0496
1 0.20606249999999998 0.49592777777777775 0.034228125 0.16392222222222222
1 0.246953125 0.645938888888889 0.07270625 0.1374388888888889
1 0.359846875 0.3450333333333333 0.03735625 0.12552222222222223
1 0.6405249999999999 0.6381833333333333 0.04573750000000001 0.1529
1 0.35455937499999995 0.7726777777777778 0.050993750000000004 0.17580555555555555
1 0.44163125000000003 0.4191944444444444 0.030084375 0.15073333333333333
2 0.45448124999999995 0.2716277777777778 0.0390625 0.1042
1 0.98011875 0.4952944444444444 0.0397625 0.16018333333333332
1 0.594565625 0.5862611111111111 0.035671875 0.18837222222222222
1 0.383659375 0.2812222222222222 0.040734374999999996 0.10856111111111111
0 0.37111875 0.7498388888888889 0.01484375 0.02638888888888889
1 0.195265625 0.46509999999999996 0.0315625 0.13790555555555556