1 0.25176041666666665 0.6628981481481481 0.08198958333333332 0.19712962962962963
1 0.5085885416666667 0.6853425925925926 0.06430208333333333 0.23582407407407407
1 0.4245885416666667 0.6231944444444444 0.07088541666666666 0.1894537037037037
1 0.37124479166666663 0.7264259259259259 0.057203125 0.2567685185185185
1 0.1654739583333333 0.6044814814814815 0.05420833333333333 0.18075925925925926
1 0.8299895833333333 0.703925925925926 0.050505208333333336 0.24177777777777779
1 0.07516145833333333 0.6625092592592593 0.07660416666666667 0.24688888888888888
1 0.6038333333333333 0.6498148148148147 0.05693229166666667 0.20775925925925925
1 0.3908802083333333 0.6121944444444444 0.044645833333333336 0.1928703703703704
2 0.8245104166666667 0.5952962962962962 0.043109375 0.19075925925925927
3 0.5945729166666667 0.3718333333333333 0.03605729166666667 0.065
1 0.256859375 0.6129907407407407 0.04758854166666667 0.167