1 0.49166875 0.5894999999999999 0.052428125000000006 0.12435555555555555
1 0.23971250000000002 0.7617666666666667 0.0588 0.1642
2 0.73995 0.9188999999999999 0.05351875 0.16122777777777778
1 0.6956874999999999 0.7644166666666667 0.05859375 0.17638333333333334
1 0.46848125 0.5072944444444445 0.042615625000000004 0.09702222222222222
1 0.5649125 0.6844722222222221 0.038978125 0.14268888888888887
2 0.08316875 0.5754444444444444 0.024228125 0.13048888888888888
1 0.33496875000000004 0.5858666666666666 0.035721875 0.12536666666666665
2 0.565334375 0.3801722222222222 0.024184375 0.09388888888888888
1 0.43700625000000004 0.42006666666666664 0.031353125 0.11069444444444444
3 0.24275625 0.35975555555555555 0.027071875 0.042755555555555554
1 0.5808125 0.515311111111111 0.05290625 0.09954444444444445
1 0.6240375 0.5238222222222222 0.026440625 0.15346666666666667
0 0.6067718750000001 0.42623333333333335 0.0113875 0.022327777777777776
1 0.6582125000000001 0.5380166666666666 0.055878125 0.14101666666666668