1 0.6803854166666666 0.5478981481481482 0.04276041666666666 0.1813796296296296
1 0.33059375 0.4571944444444444 0.03395833333333333 0.1486851851851852
1 0.6275156249999999 0.4804351851851852 0.03573958333333334 0.13589814814814816
1 0.229859375 0.4576574074074074 0.03334375 0.1561851851851852
1 0.49190625000000004 0.45537962962962963 0.031375 0.1529537037037037
1 0.52115625 0.46674074074074073 0.031468750000000004 0.1385648148148148
2 0.13469791666666667 0.5029629629629631 0.028125 0.16932407407407407
2 0.8357656250000001 0.4635925925925926 0.033713541666666666 0.1547222222222222
1 0.6185625 0.4438796296296296 0.03844270833333333 0.1809537037037037
3 0.6018072916666667 0.2886944444444445 0.023890625 0.0472037037037037
0 0.6099739583333333 0.2629722222222222 0.011317708333333334 0.020166666666666666
1 0.5277447916666667 0.44987962962962963 0.029848958333333335 0.1429074074074074
1 0.33180208333333333 0.4327962962962963 0.023963541666666664 0.12862037037037036
1 0.6228177083333333 0.4415648148148148 0.031656250000000004 0.15855555555555556