1 0.547571875 0.6374222222222221 0.057153125 0.19912222222222223
1 0.6851625 0.7034833333333333 0.057753125 0.20717222222222223
2 0.197403125 0.30018333333333336 0.034859375 0.15915
1 0.308971875 0.4662111111111111 0.069603125 0.20240555555555553
3 0.61045 0.25604444444444446 0.034028125 0.07107777777777778
1 0.41052500000000003 0.3237388888888889 0.039125 0.17980555555555555
1 0.7953312499999999 0.8085277777777777 0.048843750000000005 0.2609
1 0.458346875 0.5004277777777778 0.0717125 0.18712777777777778
1 0.16055624999999998 0.38513888888888886 0.045765625 0.19660555555555556
1 0.355675 0.2806888888888889 0.045774999999999996 0.14259444444444444
1 0.22349375 0.5363833333333333 0.0546375 0.21450555555555556
2 0.909090625 0.6050777777777778 0.03829375 0.21180000000000002
0 0.234375 0.43398888888888887 0.0161625 0.03296111111111111
1 0.5486156249999999 0.5928777777777778 0.05229375 0.20537222222222223