1 0.144284375 0.5316055555555556 0.0451625 0.20621666666666666
1 0.314953125 0.44075000000000003 0.030899999999999997 0.16987777777777777
1 0.35964375 0.5692166666666666 0.03755625 0.19692222222222222
1 0.422159375 0.6427444444444445 0.06560625 0.21720555555555557
1 0.533403125 0.766561111111111 0.09413125000000001 0.2112888888888889
1 0.58165625 0.7124722222222223 0.090803125 0.17072222222222222
1 0.5443375 0.5933055555555555 0.057046875000000004 0.20115
1 0.58141875 0.47075555555555554 0.054196875000000005 0.18255555555555558
1 0.477065625 0.37905555555555553 0.046115625 0.15635555555555555
1 0.452821875 0.4986444444444444 0.033753125 0.17748333333333335
2 0.21226875 0.7876888888888889 0.048965625 0.22650555555555554
2 0.253390625 0.4175111111111111 0.033278125 0.15212777777777778
2 0.849784375 0.5928777777777778 0.03660625 0.18678333333333333
3 0.661284375 0.3351055555555556 0.036131250000000004 0.060005555555555555
0 0.48767499999999997 0.7391833333333333 0.014021875 0.024594444444444447