1 0.8651218749999999 0.5187166666666667 0.057434374999999996 0.22440000000000002
1 0.50309375 0.4928166666666667 0.048881249999999994 0.2528166666666667
2 0.286053125 0.36308888888888885 0.04838437500000001 0.16433333333333333
1 0.20708125 0.6006388888888889 0.05894375 0.24447777777777777
1 0.38990625 0.44679444444444444 0.051053125000000005 0.19634444444444446
1 0.29175 0.6706388888888889 0.0617375 0.27215555555555554
1 0.146140625 0.45174444444444445 0.047753125 0.20880555555555558
1 0.182046875 0.5039277777777778 0.050434375 0.23315
1 0.366103125 0.5074555555555555 0.036759375 0.20005555555555557
1 0.36741875 0.4150111111111111 0.035184375000000004 0.19246666666666667
1 0.5781937500000001 0.4065888888888889 0.053456250000000004 0.18284444444444445
0 0.8475 0.5226722222222222 0.019621875 0.034883333333333336