1 0.7895520833333334 0.6222685185185185 0.045359375 0.23214814814814816
1 0.47227604166666665 0.5897314814814815 0.05834895833333333 0.18513888888888888
1 0.725515625 0.5696851851851852 0.03393229166666667 0.20667592592592593
1 0.3985989583333333 0.5592962962962963 0.036104166666666666 0.2102314814814815
1 0.1825625 0.54825 0.04427604166666667 0.16324074074074074
1 0.08886979166666667 0.5566018518518518 0.05288020833333333 0.15399074074074073
0 0.10122916666666668 0.5445740740740741 0.015197916666666667 0.027592592592592592
1 0.4549583333333333 0.5683611111111111 0.034484375 0.20605555555555555
1 0.38926041666666666 0.5590462962962963 0.07315104166666667 0.1583425925925926
1 0.43770312499999997 0.5351759259259259 0.056453125 0.18588888888888888
2 0.7590572916666667 0.5008888888888889 0.029072916666666667 0.17537037037037037
3 0.5769635416666666 0.308787037037037 0.029302083333333333 0.05938888888888889