1 0.076040625 0.6472222222222223 0.147915625 0.45370555555555553
1 0.396353125 0.6638888888888889 0.16354062500000002 0.4685166666666667
1 0.735415625 0.6916666666666667 0.122915625 0.4425944444444444
1 0.666671875 0.6842277777777778 0.099340625 0.3674055555555556
1 0.500840625 0.47894444444444445 0.10113749999999999 0.6100055555555556
1 0.54710625 0.5023777777777778 0.12123125 0.5770444444444445
1 0.55101875 0.6838333333333334 0.09933125000000001 0.3587388888888889
1 0.49298125 0.6730666666666667 0.052843749999999995 0.3325166666666666
2 0.976640625 0.72375 0.04671875 0.21879444444444443
3 0.599453125 0.16025 0.07567499999999999 0.1332111111111111
0 0.4659125 0.1872888888888889 0.03264375 0.06331111111111111