1 0.054109375 0.4334074074074074 0.06555729166666667 0.19099074074074074
1 0.07279687500000001 0.6943148148148148 0.062489583333333334 0.2606851851851852
1 0.3326145833333333 0.46687962962962964 0.04740625 0.19125925925925927
1 0.700484375 0.6501851851851852 0.05509895833333334 0.2303611111111111
1 0.3479791666666667 0.5865833333333333 0.06140625 0.26337962962962963
1 0.6320260416666666 0.6724074074074075 0.0529375 0.2332962962962963
1 0.4406041666666667 0.4240185185185185 0.048828125 0.2024351851851852
2 0.5444687500000001 0.41850925925925925 0.0356875 0.15816666666666665
1 0.40506770833333333 0.44863888888888886 0.05644791666666667 0.1902962962962963
3 0.6131302083333333 0.28632407407407406 0.037182291666666666 0.05485185185185185
1 0.3221875 0.8397129629629629 0.062515625 0.28432407407407406
0 0.35091666666666665 0.4761666666666667 0.018682291666666666 0.035777777777777776