1 0.1921875 0.6722222222222223 0.09479062499999999 0.19259444444444446
1 0.25989687499999997 0.6157388888888888 0.061459375 0.16111111111111112
1 0.5046875 0.5842611111111111 0.065625 0.19073888888888887
1 0.6067718750000001 0.4722222222222222 0.055209375 0.18148333333333333
1 0.769790625 0.4777777777777778 0.058334374999999994 0.17777777777777778
1 0.6310375 0.3733166666666667 0.036828124999999996 0.15990555555555555
1 0.5049718750000001 0.3758388888888889 0.049574999999999994 0.15738333333333335
1 0.46495624999999996 0.48222777777777776 0.070115625 0.17375555555555555
1 0.3537625 0.41235 0.04036875 0.18508333333333332
1 0.38421875 0.36639444444444447 0.03611875 0.15864444444444445
2 0.156365625 0.35347222222222224 0.030046875 0.1488
3 0.175221875 0.23846666666666666 0.035259375 0.05832222222222223
2 0.33710625 0.7625277777777778 0.08444375000000001 0.22399444444444444
2 0.9627312499999999 0.3782833333333333 0.065009375 0.1560777777777778
0 0.47283749999999997 0.5319777777777778 0.014628125 0.026333333333333334