1 0.32798125 0.5798277777777778 0.11930937500000001 0.24623333333333336
1 0.34283749999999996 0.5249777777777778 0.06856875 0.2876777777777778
1 0.4310625 0.4502111111111111 0.047540624999999996 0.2519222222222222
1 0.5174593749999999 0.5115666666666667 0.074053125 0.2689888888888889
1 0.56385625 0.5294444444444445 0.063540625 0.27061666666666667
1 0.59448125 0.51685 0.06536875 0.25355
1 0.35815312499999996 0.3892611111111111 0.062625 0.24054444444444445
1 0.713790625 0.5932388888888889 0.043425000000000005 0.28605555555555556
1 0.67745 0.5928333333333333 0.077709375 0.24298333333333333
1 0.6557375000000001 0.55545 0.053484375 0.2771166666666667
2 0.422834375 0.3531 0.072225 0.2104777777777778
3 0.39152187499999996 0.27671111111111113 0.04616875 0.0772
0 0.356321875 0.4010166666666667 0.02160625 0.03688333333333333
2 0.48023125 0.8932833333333334 0.06320624999999999 0.21343333333333334