1 0.316665625 0.6888888888888889 0.091665625 0.20740555555555554
1 0.1578125 0.4907388888888889 0.06979062500000001 0.20370555555555556
1 0.22271875000000002 0.5196388888888889 0.059743750000000005 0.20973888888888886
1 0.47776874999999996 0.38351111111111114 0.043484375 0.14452777777777776
1 0.5341125 0.3509055555555555 0.051803125000000005 0.15461666666666668
1 0.7303624999999999 0.4087166666666667 0.065415625 0.17209444444444444
1 0.78235625 0.5055222222222222 0.0771375 0.20436111111111113
1 0.8523093749999999 0.50485 0.09377812499999999 0.19898333333333335
1 0.896171875 0.4608166666666667 0.0499125 0.1768
1 0.9725562499999999 0.6382888888888889 0.049156250000000005 0.2077222222222222
2 0.7901375 0.33716666666666667 0.046478124999999995 0.15195555555555554
0 0.365134375 0.6743333333333333 0.01890625 0.03361111111111111