1 0.3657864583333333 0.7561018518518519 0.06727083333333334 0.26025
1 0.5008645833333333 0.43532407407407403 0.05405729166666667 0.1708611111111111
1 0.34705729166666666 0.47808333333333336 0.054859375 0.16677777777777777
1 0.43512500000000004 0.4298888888888889 0.05235416666666667 0.17210185185185187
1 0.32055208333333335 0.6915092592592593 0.051812500000000004 0.22167592592592592
1 0.5953385416666667 0.2723055555555555 0.029072916666666667 0.12266666666666666
1 0.7513802083333334 0.5140462962962963 0.05163020833333333 0.20639814814814814
1 0.5408697916666667 0.30862962962962964 0.033088541666666665 0.1347037037037037
1 0.398890625 0.4276296296296296 0.04078645833333334 0.1450648148148148
3 0.3365520833333333 0.24178703703703702 0.031489583333333335 0.04763888888888889
1 0.41983333333333334 0.4121388888888889 0.07033854166666667 0.17576851851851852
2 0.32760416666666664 0.3539907407407407 0.031015624999999998 0.1305925925925926
0 0.33653645833333334 0.2063796296296296 0.0164375 0.027648148148148147
2 0.8310208333333333 0.2958148148148148 0.029791666666666668 0.14689814814814817