1 0.585365625 0.29777777777777775 0.05189375 0.17925555555555556
1 0.782021875 0.37167222222222224 0.062465625 0.18434444444444445
2 0.6260593750000001 0.2566888888888889 0.0511125 0.1763388888888889
1 0.52124375 0.7099611111111112 0.0599875 0.24276111111111112
1 0.16191250000000001 0.8785444444444445 0.0609625 0.24290555555555557
1 0.62279375 0.7803500000000001 0.0643 0.18899444444444444
1 0.75206875 0.5547166666666666 0.049525 0.25125
1 0.232040625 0.7263833333333334 0.037584374999999996 0.2494
1 0.658696875 0.5636666666666666 0.075259375 0.22047222222222224
1 0.43956249999999997 0.3689 0.050771875 0.1429388888888889
3 0.2233375 0.28824444444444447 0.040575 0.07824444444444445
1 0.43151562499999996 0.5235388888888889 0.048034375000000004 0.23607222222222224
2 0.67248125 0.9769666666666666 0.0586625 0.04607222222222222