1 0.508790625 0.4791833333333333 0.0657375 0.2788611111111111
1 0.245534375 0.5039777777777777 0.0616875 0.28467777777777775
1 0.15223124999999998 0.5164444444444445 0.10772812500000001 0.3962611111111111
1 0.62060625 0.47249444444444444 0.079825 0.3424555555555555
1 0.7916249999999999 0.5275777777777778 0.110071875 0.5225111111111111
1 0.092775 0.48474999999999996 0.06015625 0.2196388888888889
1 0.700534375 0.5737166666666667 0.16759687499999998 0.48787777777777774
0 0.2349125 0.3253111111111111 0.029403125000000002 0.05227222222222223
3 0.277453125 0.07618333333333333 0.07069375 0.12789999999999999
2 0.09866250000000001 0.4748722222222222 0.0540125 0.19489444444444445
1 0.540646875 0.43779444444444443 0.02780625 0.13785
1 0.756959375 0.44825000000000004 0.025134375 0.14355555555555555
1 0.723534375 0.4701166666666667 0.04385 0.18348333333333333