1 0.5418854166666667 0.5094166666666666 0.05042708333333333 0.17162962962962963
1 0.7378697916666667 0.6052037037037037 0.046385416666666665 0.21156481481481482
1 0.06982812499999999 0.5782592592592593 0.050333333333333334 0.20799074074074073
1 0.6690989583333333 0.5541111111111111 0.04581770833333333 0.16223148148148148
1 0.24105729166666665 0.475037037037037 0.06527604166666666 0.1340740740740741
1 0.4906770833333333 0.5251388888888888 0.03711458333333333 0.19233333333333333
1 0.316921875 0.5707314814814815 0.045760416666666665 0.20729629629629628
2 0.022395833333333334 0.501 0.03828125 0.1768425925925926
0 0.19009375 0.45925925925925926 0.014260416666666666 0.02546296296296296
3 0.1998541666666667 0.32787037037037037 0.05002604166666667 0.07193518518518519
3 0.305375 0.46825 0.05272916666666667 0.15243518518518517