1 0.8390625 0.5527777777777778 0.055209375 0.17222222222222222
1 0.720834375 0.7305555555555555 0.058334374999999994 0.22037222222222222
1 0.5104156249999999 0.6685166666666666 0.041665625000000005 0.20370555555555556
1 0.4640625 0.5722222222222222 0.063540625 0.2111111111111111
1 0.3938125 0.4432 0.041915625 0.15459444444444442
1 0.192996875 0.595011111111111 0.049421875000000004 0.19796666666666665
1 0.1442 0.4876888888888889 0.036909375 0.16571666666666668
1 0.108540625 0.6500666666666666 0.081953125 0.2102
1 0.049734375000000004 0.5872277777777778 0.069440625 0.19351666666666667
2 0.8501875 0.7846388888888889 0.060056250000000005 0.20352777777777778
2 0.298409375 0.4254055555555556 0.040037500000000004 0.1345722222222222
0 0.6869062499999999 0.8285722222222223 0.016265625 0.03336666666666667