0 0.6398488120950324 0.218568665377176 0.05939524838012959 0.10831721470019343
0 0.4271058315334773 0.33365570599613154 0.06587473002159827 0.1102514506769826
0 0.30831533477321815 0.33849129593810445 0.07235421166306695 0.10058027079303675
0 0.8563714902807775 0.4158607350096712 0.10583153347732181 0.16247582205029013
0 0.5680345572354212 0.41876208897485495 0.10583153347732181 0.18375241779497098
0 0.24244060475161988 0.48452611218568664 0.0939524838012959 0.16054158607350097
0 0.4011879049676026 0.5444874274661509 0.10475161987041037 0.18762088974854932
0 0.15172786177105832 0.7040618955512572 0.1306695464362851 0.22823984526112184
0 0.6258099352051836 0.8539651837524178 0.14578833693304535 0.2804642166344294
0 0.6555075593952484 0.11218568665377177 0.04319654427645788 0.05029013539651837
0 0.36555075593952485 0.16344294003868473 0.04643628509719223 0.07930367504835589
0 0.7181425485961123 0.19245647969052224 0.06263498920086392 0.08704061895551257
0 0.4426997840172786 0.2058220502901354 0.061425485961123114 0.12056092843326885
0 0.525842332613391 0.1686073500967118 0.04413606911447084 0.0751450676982592
2 0.7075269978401727 0.41319148936170214 0.1429049676025918 0.21613152804642166
0 0.7828401727861771 0.2739845261121857 0.072170626349892 0.11181818181818182
0 0.3580669546436285 0.9330367504835589 0.15942764578833693 0.1339458413926499
0 0.32742980561555074 0.26384912959381046 0.0630669546436285 0.08183752417794972
0 0.5807775377969762 0.09176015473887814 0.04871490280777538 0.06647969052224371
0 0.5220626349892009 0.10794970986460349 0.04737580993520518 0.06502901353965183
0 0.40490280777537796 0.0641972920696325 0.029038876889848814 0.059729206963249515
0 0.6300539956803455 0.07773694390715667 0.036555075593952484 0.0481237911025145
0 0.5925269978401727 0.17756286266924565 0.020907127429805616 0.0881818181818182
0 0.5222030237580993 0.16425531914893618 0.0557451403887689 0.07611218568665377