4 0.255078125 0.6493055555555556 0.36328125 0.37916666666666665
4 0.587109375 0.7534722222222222 0.32421875 0.43472222222222223
4 0.762890625 0.8465277777777778 0.22578125 0.30694444444444446
4 0.030078125 0.5784722222222223 0.06015625 0.26805555555555555
4 0.14609375 0.46041666666666664 0.24375 0.2375
4 0.435546875 0.48125 0.28359375 0.2375
4 0.743359375 0.5194444444444445 0.23359375 0.2638888888888889
4 0.92578125 0.45694444444444443 0.1328125 0.25833333333333336
4 0.847265625 0.3645833333333333 0.08203125 0.13194444444444445
4 0.0453125 0.2652777777777778 0.090625 0.15833333333333333
4 0.167578125 0.24722222222222223 0.15078125 0.14166666666666666
4 0.3375 0.2361111111111111 0.15625 0.14166666666666666
4 0.511328125 0.24027777777777778 0.15859375 0.13333333333333333
4 0.68203125 0.25625 0.1390625 0.14583333333333334
4 0.795703125 0.2743055555555556 0.07890625 0.14027777777777778
4 0.880078125 0.23819444444444443 0.15859375 0.13194444444444445
4 0.980078125 0.26319444444444445 0.03984375 0.15138888888888888