0 0.176828125 0.6709583333333333 0.35367187499999997 0.2715625
0 0.461890625 0.5969374999999999 0.197390625 0.17904166666666665
0 0.28776562499999997 0.41275 0.13734375000000001 0.08845833333333333
0 0.84103125 0.30814583333333334 0.030671874999999998 0.0459375
0 0.8573437500000001 0.3949375 0.073015625 0.05745833333333333
0 0.8729687500000001 0.33637500000000004 0.047328125 0.05610416666666666
0 0.712046875 0.23966666666666667 0.041453125 0.03858333333333333
0 0.7665625 0.2718125 0.032421875 0.05197916666666667
3 0.5065000000000001 0.34260416666666665 0.255359375 0.20281249999999998
3 0.72628125 0.35002083333333334 0.201859375 0.1250625
3 0.717578125 0.4478958333333333 0.5330781250000001 0.1958125