1 0.13758333333333334 0.8248518518518518 0.1640625 0.3503148148148148
1 0.24565625000000002 0.8094074074074074 0.16492708333333334 0.3811666666666667
1 0.3684895833333333 0.7777777777777778 0.15885416666666666 0.4074074074074074
1 0.4361979166666667 0.7253148148148149 0.12760416666666666 0.3395
1 0.51953125 0.7137407407407408 0.10851041666666666 0.322537037037037
1 0.5920104166666668 0.6905925925925926 0.10763541666666666 0.30709259259259264
1 0.66015625 0.6620370370370371 0.11892708333333334 0.24383333333333332
1 0.71440625 0.6458333333333334 0.11284374999999999 0.23920370370370367
1 0.7816875 0.6396666666666667 0.10677083333333333 0.21142592592592593
1 0.8498229166666668 0.6049444444444445 0.08333333333333333 0.2006111111111111
1 0.9288229166666666 0.6118888888888889 0.09721874999999999 0.1682037037037037