0 0.15 0.7985294117647059 0.13529411764705881 0.23823529411764705
0 0.21764705882352942 0.6661764705882353 0.10980392156862745 0.15
0 0.38529411764705884 0.7397058823529412 0.13529411764705881 0.21470588235294116
0 0.17254901960784313 0.5544117647058824 0.09411764705882353 0.15
0 0.5598039215686275 0.711764705882353 0.11960784313725491 0.16470588235294117
0 0.6196078431372549 0.8911764705882353 0.1568627450980392 0.21176470588235294
0 0.4823529411764706 0.6132352941176471 0.08627450980392157 0.12058823529411765
0 0.8117647058823529 0.8647058823529412 0.1607843137254902 0.2411764705882353
0 0.7313725490196078 0.7264705882352941 0.11372549019607843 0.16470588235294117
0 0.3362745098039216 0.5558823529411765 0.0803921568627451 0.11764705882352941
1 0.7509803921568627 0.586764705882353 0.03529411764705882 0.1264705882352941
1 0.8147058823529412 0.5808823529411765 0.041176470588235294 0.1323529411764706
1 0.6990196078431372 0.525 0.029411764705882353 0.11470588235294117
1 0.953921568627451 0.6823529411764706 0.041176470588235294 0.1411764705882353
1 0.6176470588235294 0.3897058823529412 0.023529411764705882 0.08529411764705883
1 0.6558823529411765 0.4117647058823529 0.025490196078431372 0.08823529411764706
0 0.40519607843137256 0.9391470588235294 0.17331372549019608 0.12170588235294118
0 0.44141176470588234 0.4212941176470589 0.07678431372549019 0.07694117647058824
0 0.346078431372549 0.47623529411764703 0.07919607843137255 0.04661764705882353
0 0.22407843137254901 0.4601764705882353 0.055392156862745096 0.10044117647058823
0 0.472764705882353 0.5302941176470588 0.10331372549019607 0.06873529411764706
0 0.584529411764706 0.4889117647058823 0.07041176470588234 0.09002941176470589
1 0.6448627450980392 0.4925294117647059 0.022137254901960782 0.06105882352941177
0 0.3145686274509804 0.4065882352941177 0.07709803921568628 0.0701764705882353