0 0.21791666666666668 0.74375 0.16916666666666666 0.2875
0 0.1475 0.46375 0.09666666666666666 0.1275
0 0.48041666666666666 0.766875 0.1425 0.19125
0 0.08458333333333333 0.7675 0.11416666666666667 0.225
0 0.2679166666666667 0.483125 0.08083333333333333 0.14375
0 0.2075 0.204375 0.06166666666666667 0.08125
1 0.5708333333333333 0.769375 0.07833333333333334 0.29875
1 0.37625 0.75875 0.06416666666666666 0.235
1 0.6345833333333334 0.770625 0.06416666666666666 0.25875
1 0.44208333333333333 0.3875 0.034166666666666665 0.1225
1 0.35833333333333334 0.27375 0.03166666666666667 0.1
1 0.3983333333333333 0.341875 0.02666666666666667 0.11375
6 0.9520416666666667 0.75165 0.08675 0.1672875
6 0.8538833333333334 0.7286499999999999 0.08043333333333333 0.1613
6 0.7348916666666667 0.7314 0.07579166666666667 0.15181250000000002
6 0.313425 0.6874125 0.07619166666666667 0.18382500000000002
6 0.3302583333333333 0.3867625 0.066525 0.1175375
6 0.2881 0.3407875 0.03886666666666667 0.1055625
6 0.23326666666666668 0.361775 0.05254166666666667 0.10755
6 0.2784333333333333 0.1930875 0.03953333333333333 0.08516249999999999
6 0.6947333333333333 0.550725 0.0388 0.0854375
1 0.7883916666666667 0.6262 0.01945 0.0664
0 0.11460833333333334 0.61895 0.10855833333333334 0.0969
0 0.17644166666666666 0.3897625 0.08888333333333333 0.1035375
0 0.14960833333333334 0.33878749999999996 0.07855000000000001 0.08157500000000001
1 0.48008333333333336 0.6134499999999999 0.036166666666666666 0.0959
1 0.43391666666666673 0.61795 0.040508333333333334 0.07490000000000001
1 0.40425833333333333 0.209825 0.02785 0.0636625