0 0.32664062499999996 0.816324074074074 0.045989583333333334 0.09930555555555555
0 0.4447291666666667 0.7700462962962963 0.045187500000000005 0.06231481481481481
0 0.35619270833333333 0.7387962962962963 0.045203125000000004 0.08778703703703704
0 0.4061927083333333 0.7061759259259259 0.032692708333333334 0.06420370370370371
0 0.4645208333333333 0.6999259259259258 0.0326875 0.06559259259259259
0 0.38444791666666667 0.6432314814814816 0.0261875 0.049435185185185186
0 0.4274114583333333 0.6256481481481482 0.023578125000000002 0.0512962962962963
0 0.50071875 0.5909722222222222 0.018885416666666665 0.04591666666666667
1 0.551359375 0.7529166666666667 0.02147395833333333 0.055842592592592596
1 0.499671875 0.6689259259259259 0.014453125 0.031370370370370375
0 0.4606145833333333 0.6173148148148149 0.030083333333333333 0.053148148148148146
0 0.41686979166666666 0.5770555555555555 0.025921875 0.03744444444444444
0 0.4715520833333333 0.5731203703703704 0.020708333333333332 0.0342037037037037
0 0.5283177083333334 0.5772870370370371 0.01965625 0.033277777777777774
0 0.3400520833333333 0.5638611111111111 0.02333333333333333 0.034212962962962966
3 0.28849479166666664 0.5495092592592593 0.034796875 0.051805555555555556
1 0.19761458333333334 0.7108055555555555 0.0145 0.03642592592592593