3 0.7128625 0.1906 0.05086875 0.0981
1 0.5313687500000001 0.5522666666666667 0.08113125 0.2818333333333333
1 0.483734375 0.41570555555555555 0.044628125 0.3044722222222222
1 0.665478125 0.44918888888888886 0.05774375 0.27157777777777775
2 0.76345625 0.2709944444444445 0.0437 0.28141666666666665
1 0.70263125 0.6656555555555556 0.059578125 0.29861666666666664
1 0.37751874999999996 0.3283111111111111 0.056603125 0.26813333333333333
1 0.084234375 0.5665333333333333 0.068609375 0.3134222222222222
1 0.5715875 0.45587222222222223 0.06425 0.25461666666666666
1 0.1128625 0.35717777777777776 0.057784375 0.26222222222222225
1 0.184434375 0.7491888888888889 0.062559375 0.30947777777777774
2 0.583415625 0.9135555555555556 0.061309375 0.17288888888888887
0 0.58959375 0.44343888888888894 0.021259375 0.03603888888888889