3 0.690353125 0.26895 0.0369625 0.0711
1 0.5548375 0.5734555555555556 0.062721875 0.21581666666666668
1 0.574328125 0.3587277777777778 0.044528125 0.21258333333333332
2 0.438490625 0.8861388888888888 0.06211875 0.22772222222222221
1 0.15286875 0.46385 0.041709375 0.21586666666666668
1 0.472559375 0.4070888888888889 0.045190625000000005 0.1971
1 0.04115625 0.5149555555555555 0.042996875000000004 0.20384444444444447
1 0.331153125 0.5940888888888889 0.030534375 0.21366666666666667
2 0.581403125 0.5034055555555556 0.053965624999999996 0.18181666666666665
1 0.237115625 0.3148611111111111 0.03420625 0.18675555555555556
1 0.2618125 0.31964444444444445 0.049934374999999996 0.19756111111111113
1 0.42201875 0.4985777777777778 0.05310937499999999 0.21056666666666665
1 0.24125 0.33008333333333334 0.028831250000000003 0.2031722222222222
2 0.25479687500000003 0.2667833333333333 0.04550625 0.15438888888888888
0 0.5905343750000001 0.45637222222222223 0.0180625 0.02717222222222222