3 0.336440625 0.24671666666666664 0.0410375 0.06547222222222222
2 0.9290031249999999 0.8402944444444445 0.10729687500000001 0.31493333333333334
1 0.163909375 0.6488277777777778 0.08038437500000001 0.2869388888888889
1 0.683775 0.50105 0.05090625 0.2069
1 0.539465625 0.42411666666666664 0.051828124999999996 0.18598888888888887
1 0.49390625 0.3985666666666666 0.07231875 0.20176666666666668
1 0.34018125 0.5050055555555556 0.044559375 0.23083333333333333
2 0.737378125 0.3707 0.052234375 0.18073333333333333
1 0.22345937500000002 0.5476444444444445 0.048821874999999994 0.25068333333333337
1 0.278065625 0.5853333333333333 0.043696875 0.26090555555555556
1 0.882009375 0.5187611111111111 0.034390625 0.24008333333333332
1 0.598471875 0.35726111111111114 0.0849625 0.21953333333333336
1 0.667790625 0.3503388888888889 0.046206250000000004 0.23668333333333333
0 0.66714375 0.24494444444444444 0.014568749999999998 0.026744444444444446
2 0.07348125 0.4954 0.047715625 0.22394444444444445