3 0.303109375 0.2806888888888889 0.04451875 0.07258888888888888
1 0.48768124999999996 0.6358166666666667 0.04921875 0.1913
2 0.19941875 0.41797222222222224 0.042037500000000005 0.19221666666666667
1 0.85821875 0.6123000000000001 0.04390625 0.20438333333333333
1 0.780321875 0.6023944444444445 0.06814062500000001 0.18851666666666667
2 0.892590625 0.39135555555555557 0.039615625 0.19158333333333336
1 0.754015625 0.5613944444444444 0.058553125000000004 0.20022777777777778
1 0.5556375 0.48514999999999997 0.0381875 0.1916111111111111
1 0.370828125 0.7409944444444444 0.052334375 0.18951666666666667
1 0.5620531249999999 0.6417555555555556 0.0417125 0.23856666666666668
1 0.406765625 0.5617055555555556 0.082175 0.21633888888888891
1 0.29973125 0.67755 0.056453125 0.23264444444444443
1 0.320028125 0.6028333333333333 0.046565625 0.23278333333333334
2 0.39854375 0.838438888888889 0.073078125 0.2911111111111111
0 0.864059375 0.6500166666666667 0.016059375 0.02855