1 0.645515625 0.4093333333333333 0.048515625 0.15110185185185185
1 0.7409635416666667 0.5761203703703704 0.07619791666666667 0.20199999999999999
1 0.4321770833333333 0.5488796296296296 0.090953125 0.18017592592592593
1 0.8307604166666667 0.5599537037037037 0.048177083333333336 0.21706481481481482
1 0.6058385416666667 0.46891666666666665 0.041078125 0.1603240740740741
1 0.45594270833333334 0.40412037037037035 0.045203125000000004 0.1337685185185185
1 0.5444791666666667 0.49240740740740735 0.048796874999999997 0.1928611111111111
1 0.3705364583333333 0.49907407407407406 0.06558854166666667 0.20560185185185187
3 0.283015625 0.2675740740740741 0.030578125 0.06226851851851852
2 0.99015625 0.6119537037037037 0.019692708333333333 0.23901851851851852
0 0.6927760416666667 0.41698148148148145 0.015130208333333334 0.02786111111111111
1 0.3896197916666667 0.5074537037037037 0.042671875000000005 0.18923148148148147
1 0.38788541666666665 0.45128703703703704 0.03980729166666667 0.16367592592592595
2 0.07752604166666667 0.49525925925925923 0.03299479166666667 0.1963703703703704