0 0.8507375 0.6007777777777779 0.0133625 0.02665
1 0.858059375 0.5308277777777778 0.0617875 0.12920555555555555
1 0.781665625 0.5138111111111111 0.040378125 0.16857777777777777
1 0.6446500000000001 0.4149666666666667 0.059125 0.17775
1 0.5742 0.5710611111111111 0.030831249999999998 0.2408111111111111
1 0.366046875 0.6914777777777779 0.043684375 0.19026111111111113
1 0.569821875 0.5491111111111111 0.044596875 0.19902222222222224
1 0.642396875 0.33758333333333335 0.05461875 0.16534444444444446
1 0.34604999999999997 0.877561111111111 0.056240625 0.23100555555555555
1 0.40066875 0.44382222222222223 0.03660625 0.18207777777777778
1 0.4046125 0.3931222222222222 0.055753125 0.17855
2 0.90904375 0.3293111111111111 0.03363125 0.15324444444444443
2 0.493365625 0.9082777777777779 0.046834375000000004 0.18344444444444444
2 0.23900937500000002 0.41450555555555557 0.034846875 0.16348888888888888
3 0.28711875 0.32837222222222223 0.040346875000000004 0.06439444444444445