1 0.496096875 0.6941222222222223 0.105265625 0.29051666666666665
3 0.337715625 0.2764166666666667 0.041525 0.05970555555555555
2 0.35402500000000003 0.7336277777777778 0.072271875 0.2741
1 0.6495000000000001 0.51205 0.053396875 0.2049277777777778
1 0.43713749999999996 0.6168277777777778 0.0688 0.2616
2 0.8760718749999999 0.42291666666666666 0.0378875 0.18208888888888888
1 0.770240625 0.4750333333333333 0.051434375000000004 0.18382777777777776
1 0.52955 0.4311888888888889 0.040490624999999995 0.18175555555555556
2 0.31288125 0.39979444444444445 0.036090625 0.17371666666666666
1 0.456221875 0.4469222222222222 0.045925 0.1655333333333333
1 0.487521875 0.4481777777777778 0.057603125000000005 0.15597222222222223
1 0.445084375 0.5556833333333333 0.084525 0.26766666666666666
1 0.432096875 0.5486388888888889 0.050628124999999996 0.21757777777777776
0 0.74973125 0.44258888888888887 0.0140875 0.027394444444444447
1 0.526309375 0.3928888888888889 0.040062499999999994 0.16278888888888887