1 0.032525 0.5046333333333334 0.06505312499999999 0.20916666666666667
1 0.8261 0.4544388888888889 0.06313125 0.18386111111111111
1 0.4462375 0.46395555555555557 0.04575 0.18823333333333334
1 0.567415625 0.34321666666666667 0.05693125 0.14434444444444444
2 0.7124312500000001 0.24460555555555558 0.027993749999999998 0.14489444444444444
2 0.06259375 0.9325444444444444 0.087453125 0.12746666666666667
1 0.7781656250000001 0.3754222222222222 0.05466875 0.14112222222222223
1 0.163278125 0.4314722222222222 0.07423125 0.21320555555555554
1 0.5575875 0.3149666666666667 0.0468875 0.12096666666666667
0 0.52223125 0.35433333333333333 0.015528124999999999 0.028783333333333334
1 0.418203125 0.51795 0.0408125 0.1850388888888889
1 0.13063750000000002 0.39421666666666666 0.04590625 0.17774444444444445
1 0.398959375 0.7893111111111111 0.08690937500000001 0.16359444444444446
2 0.5301125 0.25448333333333334 0.047978125 0.12025