1 0.24348124999999998 0.6264 0.061568750000000005 0.3034944444444444
1 0.26111249999999997 0.6348555555555555 0.056531250000000005 0.25473888888888885
1 0.28014375 0.6015222222222222 0.07444375 0.24777222222222223
1 0.297496875 0.5657 0.086759375 0.2497611111111111
1 0.51355 0.5905777777777778 0.078921875 0.2238888888888889
1 0.43295 0.4875833333333333 0.048696875 0.23682777777777778
1 0.472690625 0.4462888888888889 0.057653125 0.202
1 0.75955 0.5054944444444445 0.05933125 0.21493333333333334
1 0.812165625 0.5114666666666666 0.05933125 0.25075555555555556
1 0.5171875 0.5666944444444444 0.0481375 0.2398111111111111
2 0.73604375 0.4587277777777778 0.043659375 0.21891666666666668
2 0.58659375 0.89405 0.072765625 0.21190555555555557
0 0.601146875 0.015922222222222223 0.024628125 0.031844444444444446
3 0.240403125 0.3074777777777778 0.052056250000000005 0.08358333333333333