1 0.403125 0.49705000000000005 0.07654375 0.22504999999999997
1 0.09605625 0.36337222222222226 0.031084375 0.19137777777777779
1 0.6356906250000001 0.7522 0.055793749999999996 0.23687222222222223
1 0.12415 0.8554055555555555 0.053084375 0.2713888888888889
1 0.23700312499999998 0.541988888888889 0.06378125 0.19572222222222224
3 0.6482281249999999 0.35507222222222223 0.04430625 0.07906666666666666
1 0.351515625 0.4523 0.077371875 0.24173333333333333
1 0.23470624999999998 0.38081111111111116 0.050824999999999995 0.1966277777777778
1 0.26392499999999997 0.7980388888888889 0.133221875 0.2574722222222222
1 0.82575625 0.9353611111111112 0.07856874999999999 0.12258888888888889
1 0.194184375 0.5834333333333334 0.08438124999999999 0.20728888888888888
2 0.5096468749999999 0.9770944444444445 0.05453125 0.045816666666666665
0 0.19635625 0.6190833333333333 0.01909375 0.033944444444444444
2 0.651796875 0.39627777777777773 0.031509375 0.1888