1 0.41089374999999995 0.5382 0.0828 0.2042388888888889
1 0.45902187499999997 0.5497 0.055890625 0.1959611111111111
1 0.5087031249999999 0.4034222222222222 0.042434374999999996 0.1554777777777778
1 0.64221875 0.4857611111111111 0.061065625 0.1821611111111111
1 0.60625 0.3210777777777778 0.026393749999999997 0.13616111111111112
1 0.5560531249999999 0.7658999999999999 0.079178125 0.2106777777777778
1 0.61271875 0.8813388888888889 0.068309375 0.2373222222222222
1 0.7545156249999999 0.7783222222222222 0.056924999999999996 0.2189611111111111
1 0.6828406250000001 0.6343388888888889 0.074003125 0.2106777777777778
1 0.81299375 0.4627611111111111 0.04450625 0.17847777777777776
2 0.67404375 0.3091222222222222 0.029496875 0.15087777777777778
3 0.34698437499999996 0.2852 0.0336375 0.06623888888888889
3 0.47086875 0.48754444444444445 0.0162125 0.029255555555555552