1 0.619921875 0.5473 0.065846875 0.23261666666666667
1 0.96698125 0.37426666666666664 0.05189375 0.18902222222222223
1 0.4448 0.39622222222222225 0.049590625 0.1988611111111111
1 0.734809375 0.4516611111111111 0.056978125000000004 0.20003333333333334
1 0.54705 0.2912277777777778 0.042678125 0.15843333333333334
1 0.2353625 0.5415777777777778 0.0493 0.21234444444444445
1 0.771765625 0.31957222222222226 0.0505625 0.15656111111111112
1 0.349771875 0.5603 0.046846874999999996 0.22941111111111112
1 0.38372187500000005 0.3236833333333333 0.03709375 0.18391111111111114
1 0.8768125000000001 0.28455555555555556 0.051465625 0.17548333333333332
2 0.67706875 0.6027611111111111 0.05027812499999999 0.23975555555555556
2 0.244996875 0.3191 0.03171875 0.18232222222222222
0 0.23540937499999998 0.5290444444444444 0.015037499999999999 0.02776111111111111
2 0.95465 0.2791722222222222 0.036440625 0.1491