1 0.19423749999999998 0.6587222222222222 0.0358875 0.2294611111111111
1 0.359828125 0.6654388888888889 0.062331250000000005 0.2294611111111111
1 0.5279343750000001 0.7353944444444445 0.06485 0.24848888888888887
1 0.56854375 0.6324166666666666 0.08940625 0.20819444444444443
1 0.410509375 0.5686166666666667 0.050368750000000004 0.19923888888888888
1 0.358253125 0.45276666666666665 0.064221875 0.12648333333333334
1 0.4549 0.4829888888888889 0.049740625 0.18916666666666668
1 0.691321875 0.6178666666666667 0.0428125 0.2955
1 0.7023375000000001 0.6010777777777778 0.092553125 0.16342222222222225
1 0.7530218750000001 0.6072333333333333 0.045331250000000003 0.19364444444444445
2 0.781671875 0.5926777777777777 0.0560375 0.1869277777777778
2 0.244921875 0.8294166666666667 0.052887500000000004 0.2574444444444444
2 0.306309375 0.3917611111111111 0.044703125 0.16566111111111112
3 0.54488125 0.33765 0.034740625 0.05586111111111111
0 0.6920218749999999 0.48275 0.01788125 0.0327