0 0.524871875 0.7150833333333334 0.017759375 0.03072222222222222
1 0.55055 0.7287333333333333 0.070078125 0.2338111111111111
1 0.6441500000000001 0.5350333333333332 0.074878125 0.1962611111111111
1 0.7967875 0.46036666666666665 0.048 0.1510388888888889
1 0.66863125 0.4036222222222222 0.060478125 0.1570111111111111
1 0.483353125 0.48041666666666666 0.04031875 0.15530555555555556
1 0.305034375 0.6553500000000001 0.06863749999999999 0.19797222222222224
1 0.38207500000000005 0.5179666666666667 0.058559375 0.1774888888888889
1 0.352553125 0.4561 0.035040625 0.16810555555555554
2 0.9732718749999999 0.4313555555555556 0.053453125000000004 0.1510388888888889
2 0.480953125 0.8068166666666666 0.084478125 0.23295555555555555
2 0.32471562499999995 0.3895388888888889 0.038878125 0.13055555555555556