1 0.305296875 0.7159833333333333 0.055978125 0.2985555555555555
1 0.360496875 0.60725 0.040946875 0.25985555555555556
1 0.39496562500000004 0.5081944444444444 0.09019062500000001 0.16862777777777777
1 0.437728125 0.49298888888888887 0.085525 0.20088333333333333
1 0.79200625 0.5045055555555555 0.0476875 0.28473333333333334
1 0.69585625 0.49667222222222224 0.10936875 0.20641111111111113
1 0.64920625 0.4238777777777778 0.037837499999999996 0.19166666666666668
1 0.65905625 0.3146833333333333 0.041984375 0.1502
1 0.383821875 0.34048333333333336 0.027471875 0.19996111111111112
1 0.4157 0.2649222222222222 0.043540625000000006 0.18889999999999998
2 0.714515625 0.2976388888888889 0.033690625 0.17507777777777778
2 0.8070375 0.8122777777777778 0.0632375 0.2884222222222222
3 0.26279375 0.21885000000000002 0.04043125 0.061738888888888885
0 0.7888968749999999 0.3658277777777778 0.019696875 0.03132777777777778