1 0.6855312499999999 0.5447055555555556 0.046590625000000004 0.19016111111111111
1 0.836946875 0.4496277777777778 0.040409375 0.17410555555555554
1 0.6453593750000001 0.41159444444444443 0.041359375 0.1724111111111111
1 0.540771875 0.4690666666666667 0.046115625 0.17579444444444445
1 0.5158125 0.3579277777777778 0.031378125 0.12761666666666668
1 0.542196875 0.3325722222222222 0.030899999999999997 0.131
1 0.335396875 0.5041388888888889 0.044212499999999995 0.19523333333333334
1 0.373665625 0.4555444444444445 0.047540624999999996 0.17410555555555554
1 0.503690625 0.44286666666666663 0.049918750000000005 0.07268333333333334
1 0.48705 0.4259611111111111 0.03565625 0.08958888888888888
2 0.336821875 0.7458555555555555 0.05086875 0.2374888888888889
2 0.276209375 0.34820555555555555 0.028525000000000002 0.14705555555555555
2 0.806284375 0.3706055555555556 0.037081249999999996 0.15635555555555555
3 0.30259375 0.24721111111111113 0.032803125 0.051555555555555556