1 0.324940625 0.6322722222222221 0.081884375 0.23235
3 0.77966875 0.23452222222222222 0.050196875 0.0838388888888889
1 0.16608125 0.6477666666666667 0.09015000000000001 0.2691888888888889
1 0.636140625 0.7372388888888889 0.11240625 0.2695388888888889
2 0.146296875 0.8617444444444445 0.07140625 0.2723611111111111
1 0.23888125 0.3882555555555556 0.054543749999999995 0.2486611111111111
1 0.668775 0.6874166666666666 0.079121875 0.29301666666666665
1 0.627671875 0.4542111111111111 0.131359375 0.23677222222222222
1 0.30766875 0.4587277777777778 0.04954375 0.25
1 0.6656468750000001 0.3958055555555556 0.057074999999999994 0.27897222222222223
2 0.27465 0.3353277777777778 0.0410375 0.21710555555555558
0 0.18639687500000002 0.5911055555555556 0.020765625 0.03779444444444444
1 0.65831875 0.4922222222222222 0.099378125 0.24083888888888888
1 0.6368125 0.31950555555555554 0.047465625 0.22062222222222222