3 0.724315625 0.24391111111111113 0.055834375 0.09228888888888889
1 0.34124375 0.5456 0.064190625 0.37148333333333333
1 0.4055375 0.5148888888888888 0.068709375 0.25587777777777776
2 0.09638437500000001 0.9067500000000001 0.055987499999999996 0.18302222222222223
1 0.19164375 0.4442888888888889 0.074515625 0.2783277777777778
1 0.48503437499999996 0.5023166666666666 0.081690625 0.26705
1 0.67281875 0.6314833333333334 0.105196875 0.3351277777777778
1 0.60774375 0.6495833333333333 0.077715625 0.3371611111111111
1 0.545603125 0.49598888888888887 0.126453125 0.2594166666666667
1 0.07559375 0.5024722222222222 0.059515624999999996 0.29735555555555554
0 0.436809375 0.19288333333333332 0.024168750000000003 0.045705555555555555
2 0.074559375 0.3697666666666667 0.03805 0.2897777777777778