1 0.154165625 0.5814833333333334 0.072915625 0.24444444444444444
1 0.7625 0.8074055555555555 0.0625 0.3111111111111111
1 0.648959375 0.6787055555555556 0.052084374999999995 0.25740555555555555
1 0.2234375 0.5509277777777778 0.09479062499999999 0.2537055555555556
1 0.489584375 0.43518333333333337 0.0625 0.2222222222222222
1 0.5416656249999999 0.39290555555555556 0.039584375 0.22529444444444444
1 0.368015625 0.31802222222222226 0.055853124999999997 0.17707777777777778
1 0.43012187500000004 0.41631666666666667 0.03559375 0.20862777777777777
1 0.29955312500000003 0.5384111111111111 0.054331250000000005 0.33544444444444443
1 0.35957187500000004 0.5358 0.11123125 0.3237
2 0.5552375 0.8547 0.07231875 0.2906
2 0.67509375 0.3357722222222222 0.04331875 0.19513333333333333
3 0.6475624999999999 0.2493 0.0447875 0.06656666666666666
0 0.390934375 0.17156666666666667 0.020284375 0.036061111111111106