1 0.5155416666666667 0.6357314814814815 0.07578125 0.2503518518518518
1 0.41528125 0.5424629629629629 0.048130208333333334 0.1881574074074074
1 0.31295833333333334 0.45705555555555555 0.05267708333333333 0.15531481481481482
1 0.5410260416666667 0.5444537037037037 0.04880729166666666 0.21622222222222223
1 0.42535416666666664 0.44262962962962965 0.03654166666666667 0.15228703703703703
1 0.7195989583333334 0.6129074074074075 0.047880208333333334 0.22138888888888889
1 0.7862864583333333 0.5561018518518519 0.05755208333333333 0.21272222222222223
1 0.3559583333333334 0.41835185185185186 0.03299479166666667 0.14137962962962963
2 0.93178125 0.5511759259259259 0.050625 0.21432407407407408
2 0.019010416666666665 0.4877592592592592 0.03802083333333333 0.19206481481481483
1 0.5361354166666668 0.5223518518518518 0.054765625000000005 0.19682407407407407
1 0.390546875 0.40771296296296294 0.049838541666666666 0.1304722222222222
0 0.35348958333333336 0.3681759259259259 0.013958333333333333 0.024675925925925924
3 0.22790104166666666 0.2892777777777778 0.03783333333333334 0.05299074074074074