1 0.8549562500000001 0.6639333333333333 0.09440625000000001 0.22365
1 0.5417062500000001 0.4760944444444445 0.03673125 0.15331666666666668
1 0.7276781250000001 0.6753666666666667 0.073590625 0.21401111111111112
1 0.80920625 0.6093111111111111 0.0561125 0.22768888888888889
1 0.37559375 0.6263 0.0636125 0.215
1 0.9510124999999999 0.6864333333333333 0.0519625 0.23291666666666666
1 0.628040625 0.47000555555555557 0.041240625 0.15819444444444444
1 0.589421875 0.42536666666666667 0.03416875 0.14923333333333333
2 0.310421875 0.8525499999999999 0.084346875 0.29490000000000005
3 0.41013750000000004 0.3027111111111111 0.0351125 0.06734444444444444
1 0.7363593749999999 0.44735555555555556 0.039696875 0.14292222222222223
1 0.24041562500000002 0.7413944444444445 0.099053125 0.30133333333333334
0 0.3838875 0.5658444444444445 0.022678124999999997 0.041272222222222224
2 0.44058125 0.41370555555555555 0.025915625 0.15357777777777779