2 0.7511510416666667 0.5065462962962963 0.08476041666666667 0.3404537037037037
1 0.9570989583333334 0.531074074074074 0.07348958333333333 0.383
2 0.19678645833333333 0.6118796296296297 0.086296875 0.40296296296296297
1 0.37034895833333337 0.585962962962963 0.12567708333333333 0.4036666666666667
3 0.7093906249999999 0.07837962962962963 0.058984375 0.1198425925925926
1 0.6695625 0.6615555555555556 0.08759895833333334 0.3841203703703704
1 0.320359375 0.6013240740740741 0.07243229166666666 0.4262592592592593
1 0.8155 0.5596111111111111 0.0761875 0.3776481481481482
1 0.66540625 0.5868055555555556 0.09905208333333333 0.37557407407407406
1 0.37159375 0.4918888888888889 0.06547916666666667 0.3571388888888889
1 0.2537864583333333 0.5325555555555556 0.07925 0.31963888888888886
1 0.27673437500000003 0.4859444444444445 0.07758333333333334 0.36353703703703705
0 0.7115572916666667 0.4496574074074074 0.027171875 0.05411111111111111