1 0.114584375 0.7944444444444444 0.06875 0.3037055555555555
1 0.272915625 0.6546277777777777 0.054165625 0.23148333333333335
1 0.471875 0.5944444444444444 0.052084374999999995 0.22962777777777776
1 0.586459375 0.8074055555555555 0.09791562499999999 0.3074055555555556
1 0.6828125 0.6046277777777778 0.08229062499999999 0.23148333333333335
1 0.829165625 0.6416666666666667 0.104165625 0.2611111111111111
1 0.894271875 0.4027777777777778 0.076040625 0.2129611111111111
1 0.7163531249999999 0.43304444444444445 0.0733375 0.21885000000000002
1 0.6806687499999999 0.37018333333333336 0.038634375 0.18625555555555556
1 0.7104593749999999 0.3899722222222222 0.06548124999999999 0.18392777777777777
2 0.9799718749999999 0.3882277777777777 0.040059375 0.21302777777777776
2 0.419075 0.8812388888888889 0.051075 0.23751666666666665
2 0.186946875 0.3707611111111111 0.043871875 0.20604444444444445
3 0.285821875 0.25726666666666664 0.041253124999999995 0.07217222222222222
0 0.802459375 0.6146388888888888 0.021609375 0.04190555555555556