1 0.13053437499999998 0.5261444444444444 0.07699687499999999 0.2117388888888889
1 0.2300875 0.5042222222222222 0.059553125 0.21281111111111112
1 0.334153125 0.5994 0.047521875 0.20425555555555558
1 0.27610625 0.34755555555555556 0.05173125 0.1582722222222222
1 0.497771875 0.3630611111111111 0.048725 0.1593388888888889
1 0.5275468750000001 0.5127777777777778 0.064965625 0.20639444444444444
1 0.628003125 0.6234611111111111 0.0733875 0.23312777777777777
1 0.6265 0.4341777777777778 0.04631875 0.2053222222222222
1 0.69296875 0.5544833333333333 0.055340625000000004 0.22564444444444445
2 0.759440625 0.7624833333333334 0.080003125 0.22029444444444443
2 0.9005 0.33578888888888886 0.032484375 0.15399444444444443
3 0.9513312500000001 0.24703333333333335 0.040303125 0.05988888888888889
2 0.109178125 0.30905555555555553 0.064365625 0.15185555555555555
0 0.306484375 0.35537777777777774 0.01744375 0.026344444444444445