1 0.5456093750000001 0.5338444444444445 0.096825 0.19645555555555555
1 0.606178125 0.6489388888888888 0.0865625 0.2786888888888889
1 0.128884375 0.40215555555555554 0.064871875 0.18738333333333335
1 0.16185937500000003 0.6271833333333333 0.081884375 0.22269444444444444
3 0.63508125 0.28973333333333334 0.037246875 0.06850555555555556
1 0.50623125 0.26139444444444443 0.035646874999999995 0.1623
2 0.042115625000000004 0.30343333333333333 0.0444625 0.16721111111111112
1 0.46626875 0.41139444444444445 0.046546874999999995 0.1819611111111111
1 0.6799593749999999 0.5797888888888888 0.04141875 0.20578333333333335
1 0.44799687499999996 0.7546722222222223 0.05403125 0.22123333333333334
2 0.493946875 0.9109833333333334 0.044725 0.17802777777777778
1 0.32953125 0.5210222222222223 0.051678125 0.20334444444444444
2 0.658840625 0.36671111111111115 0.033715625 0.18461111111111111
1 0.55229375 0.7712722222222222 0.0579125 0.19951666666666668
0 0.5511125 0.6972499999999999 0.021978125 0.03907222222222222