1 0.20281249999999998 0.23106481481481483 0.05559375 0.1462037037037037
1 0.3959114583333333 0.534962962962963 0.09545833333333334 0.23286111111111113
1 0.021515625 0.4405462962962963 0.042583333333333334 0.19743518518518519
1 0.059432291666666665 0.42821296296296296 0.08992708333333334 0.17010185185185187
1 0.32259895833333335 0.3995740740740741 0.04988541666666667 0.1950462962962963
1 0.5937291666666666 0.35251851851851856 0.066484375 0.1554722222222222
1 0.7745520833333334 0.536675925925926 0.053390625000000004 0.19441666666666665
1 0.8940989583333334 0.8762129629629629 0.09120312500000001 0.24065740740740743
0 0.5477135416666666 0.3828425925925926 0.018526041666666666 0.029416666666666667
1 0.23720312500000001 0.15468518518518518 0.039984374999999996 0.13637037037037036
1 0.5498854166666667 0.25960185185185186 0.057093750000000006 0.12905555555555556