1 0.060159374999999994 0.5837222222222223 0.027271874999999998 0.19013888888888889
1 0.30240937500000004 0.6626333333333333 0.044384375000000004 0.20535
1 0.35534999999999994 0.5623333333333334 0.0294125 0.19298888888888888
1 0.504015625 0.7439166666666667 0.041178125 0.21390555555555554
1 0.60695625 0.8869333333333334 0.05026875 0.2261388888888889
1 0.6510750000000001 0.6189 0.04010625 0.20345
1 0.59251875 0.5818222222222222 0.03315625 0.20725000000000002
1 0.493853125 0.5090944444444444 0.04010625 0.18538333333333334
1 0.629415625 0.5666111111111111 0.034225 0.23957222222222224
3 0.643321875 0.3774222222222222 0.038503125 0.06274444444444445
0 0.62704375 0.45474444444444445 0.01595625 0.02836666666666667
2 0.7143125 0.5093444444444445 0.037765625 0.18521666666666667
2 0.45255 0.9219444444444445 0.040371875 0.15611111111111112