1 0.3015625 0.7437333333333334 0.057906250000000006 0.24058333333333334
1 0.206571875 0.644838888888889 0.05920625 0.20704444444444445
1 0.2231625 0.4586166666666667 0.055953125000000006 0.21398333333333333
1 0.38484375 0.5979944444444445 0.055303125 0.19663333333333333
1 0.47397812500000003 0.5280166666666667 0.07351875 0.19316111111111112
1 0.5943437500000001 0.6957333333333333 0.094340625 0.21629444444444443
1 0.6916125 0.6916833333333333 0.036434375 0.2313333333333333
1 0.688359375 0.6379 0.05075 0.1769666666666667
1 0.6002000000000001 0.5488333333333333 0.0396875 0.18853333333333333
1 0.441446875 0.42854444444444445 0.03188125 0.17002777777777778
2 0.716984375 0.4146611111111111 0.03253125 0.17928333333333332
2 0.13565312499999999 0.4499388888888889 0.037084375 0.1804388888888889
2 0.46356875000000003 0.8816999999999999 0.0527 0.23660555555555554
3 0.6659125 0.33253888888888894 0.0383875 0.07055555555555555
0 0.337346875 0.6055111111111111 0.01886875 0.03817222222222222