3 0.41254687500000004 0.25042777777777775 0.055928125 0.10382222222222222
2 0.030221875 0.8529611111111111 0.060446875000000004 0.29407222222222223
2 0.9735406249999999 0.23448333333333332 0.052915625 0.27192777777777777
1 0.8126875 0.593438888888889 0.0707875 0.3416944444444444
1 0.8884218749999999 0.38925 0.066009375 0.2851666666666666
1 0.56725 0.5060611111111111 0.07991562499999999 0.31508888888888886
1 0.425153125 0.5221666666666667 0.087390625 0.35099444444444444
1 0.467440625 0.5776111111111112 0.08220000000000001 0.28996111111111106
1 0.48223437500000005 0.5454 0.10678437499999999 0.2877222222222222
1 0.46640625 0.5208777777777778 0.086565625 0.2854611111111111
0 0.410671875 0.25859444444444446 0.023006250000000002 0.04281111111111111