1 0.13651875 0.6225222222222222 0.04370625 0.20110555555555557
1 0.254528125 0.5955555555555555 0.057590625 0.16728333333333334
1 0.4450375 0.6426333333333334 0.072503125 0.19379444444444444
1 0.529621875 0.7559833333333333 0.07198750000000001 0.21756111111111112
1 0.5856687500000001 0.5311055555555556 0.033937499999999995 0.20110555555555557
1 0.512909375 0.5932666666666667 0.058103125000000005 0.20476666666666665
1 0.482571875 0.5247111111111111 0.049878125 0.1682
1 0.572815625 0.47808888888888884 0.035993750000000005 0.17551111111111112
1 0.594925 0.3405111111111111 0.033937499999999995 0.149
1 0.7119031250000001 0.31354444444444446 0.033421875000000004 0.11335
2 0.619090625 0.8903333333333333 0.044221874999999994 0.2193388888888889
2 0.035478125 0.6536 0.06273125 0.20659444444444444
2 0.7474593749999999 0.2851888888888889 0.0283875 0.1342611111111111
3 0.426353125 0.24662222222222224 0.031065625 0.057133333333333335
0 0.49936562500000004 0.674611111111111 0.017403125 0.03133888888888889