0 0.4167375 0.35886666666666667 0.015615625 0.02673333333333333
1 0.259121875 0.5398388888888889 0.03933125 0.16246666666666668
1 0.3484875 0.5999944444444445 0.042221875000000006 0.21284999999999998
1 0.389553125 0.6123333333333334 0.042221875000000006 0.17377777777777778
1 0.38637187500000003 0.44266666666666665 0.032390625 0.13881666666666667
1 0.41124375 0.5670888888888889 0.027762500000000002 0.16555
1 0.46503437499999994 0.5804555555555555 0.058996875 0.16349444444444444
1 0.5275 0.5763444444444444 0.07635 0.17994444444444443
1 0.47024062499999997 0.4915111111111111 0.058996875 0.15218333333333334
1 0.6463625000000001 0.6632333333333333 0.039909375 0.19537222222222222
1 0.6761499999999999 0.7300722222222222 0.0532125 0.20565555555555556
2 0.45809375 0.8056500000000001 0.052056250000000005 0.23958888888888888
2 0.800215625 0.5557777777777778 0.029496875 0.16143888888888888
3 0.6347937499999999 0.3784 0.0318125 0.049355555555555555