3 0.666303125 0.23231111111111113 0.044634375000000004 0.07446666666666667
2 0.24318125 0.3317833333333334 0.03824375 0.19641111111111112
1 0.48472187499999997 0.7191222222222222 0.15908125 0.23902777777777778
1 0.5709031250000001 0.50735 0.079109375 0.2515
2 0.11515312500000001 0.7579944444444445 0.042309374999999996 0.27142222222222223
1 0.476878125 0.3162611111111111 0.040856250000000004 0.20323333333333332
1 0.419034375 0.5604722222222223 0.07239374999999999 0.3000333333333333
1 0.34611875 0.5340444444444444 0.048528125 0.26811111111111113
1 0.531971875 0.5739555555555554 0.086634375 0.1938388888888889
1 0.5342281249999999 0.5184222222222222 0.05935625 0.2583611111111111
1 0.535965625 0.3772888888888889 0.04605937499999999 0.20412777777777777
1 0.505296875 0.6930666666666666 0.09097187500000001 0.21183333333333335
1 0.41481875 0.56825 0.061309375 0.19776666666666667
0 0.39775937499999997 0.6671388888888888 0.020271875 0.040433333333333335