1 0.185415625 0.7824055555555555 0.058334374999999994 0.22037222222222222
1 0.284471875 0.6955611111111111 0.07396875 0.20466666666666666
1 0.5108281250000001 0.6733166666666667 0.06506875 0.19972222222222222
1 0.45910625000000005 0.4973277777777778 0.049496874999999996 0.1720388888888889
1 0.560046875 0.6945722222222223 0.057840625 0.2007111111111111
1 0.7149781249999999 0.6616833333333333 0.047059375 0.19013888888888889
1 0.612303125 0.6317333333333333 0.04385 0.14926111111111112
1 0.601878125 0.4796222222222222 0.04010625 0.1530611111111111
1 0.43690312499999995 0.4558555555555555 0.032084375 0.1530611111111111
1 0.45725 0.43950555555555554 0.039825 0.11622222222222221
2 0.62719375 0.42610000000000003 0.032325 0.1373611111111111
2 0.0094625 0.6314444444444444 0.018921874999999998 0.14717222222222223
2 0.551503125 0.8896555555555556 0.046518750000000005 0.22068333333333334
0 0.7105437499999999 0.6624833333333333 0.018040624999999998 0.030494444444444446
3 0.250628125 0.3494611111111111 0.0360375 0.0660111111111111