1 0.296875 0.6222222222222222 0.085415625 0.25185
1 0.31875 0.5222222222222223 0.077084375 0.21481666666666668
1 0.561978125 0.5990722222222222 0.090625 0.24629444444444443
1 0.489584375 0.4092611111111111 0.05 0.2
1 0.680209375 0.44166666666666665 0.05625 0.1759277777777778
1 0.8645843750000001 0.6675944444444445 0.09791562499999999 0.2685166666666667
1 0.925521875 0.5342611111111111 0.107290625 0.19815000000000002
1 0.718228125 0.5851833333333333 0.073959375 0.2370388888888889
1 0.7942718750000001 0.3453722222222222 0.071875 0.1870388888888889
2 0.511459375 0.9018499999999999 0.05 0.19629444444444444
2 0.0625 0.3907388888888889 0.04375 0.18888888888888888
0 0.59646875 0.5843833333333334 0.01956875 0.03278333333333333