1 0.80605 0.6337777777777778 0.06014375 0.23422777777777778
3 0.34822187499999996 0.31447777777777774 0.039909375 0.07683333333333334
2 0.7109343749999999 0.8180999999999999 0.072375 0.2637555555555556
2 0.903484375 0.3033666666666666 0.05739375 0.21195555555555554
1 0.749934375 0.46360555555555555 0.049315625 0.2164611111111111
1 0.587825 0.5102388888888889 0.06285625 0.24448888888888887
1 0.412246875 0.6223611111111111 0.0481125 0.2367111111111111
1 0.855521875 0.4477444444444445 0.037225 0.20022777777777778
1 0.5619625 0.7798444444444445 0.052096875 0.19065555555555555
1 0.5262218750000001 0.4861333333333333 0.038546875 0.21141111111111113
1 0.67524375 0.5515166666666667 0.0410625 0.2202277777777778
1 0.5605125000000001 0.6989833333333334 0.062153125 0.24092222222222223
2 0.3572875 0.48398888888888886 0.052221875 0.20734444444444447
1 0.5911062499999999 0.3506444444444444 0.041265625 0.18615
0 0.560165625 0.4896055555555555 0.015509375 0.028522222222222223