1 0.456071875 0.4151222222222222 0.040350000000000004 0.20303333333333332
1 0.27753125 0.5296277777777778 0.080584375 0.21938333333333332
1 0.616378125 0.4489666666666667 0.056465625 0.19190000000000002
1 0.57369375 0.7455333333333334 0.060140624999999996 0.19782777777777777
1 0.845125 0.4890111111111111 0.043746875000000005 0.19521666666666665
1 0.41174687499999996 0.32340555555555556 0.0346 0.14885555555555555
1 0.56264375 0.5214333333333333 0.047128125 0.19610555555555556
1 0.517815625 0.3821777777777777 0.042415625 0.15888333333333335
1 0.916084375 0.45185000000000003 0.04689375 0.19804444444444447
2 0.59976875 0.28068333333333334 0.034465625 0.16879444444444444
2 0.2848 0.874511111111111 0.062474999999999996 0.21928333333333333
3 0.92975 0.30514444444444444 0.0345 0.06659999999999999
1 0.604559375 0.6135722222222223 0.046078125 0.19660555555555556
0 0.40925625 0.3375944444444444 0.011784375 0.02155