1 0.166290625 0.6209166666666667 0.055615625 0.2748611111111111
1 0.451040625 0.7474722222222222 0.057840625 0.24717777777777777
1 0.270290625 0.5962000000000001 0.058953125 0.29068333333333335
1 0.19215 0.49040555555555554 0.059509375 0.18983333333333333
1 0.3061625 0.5175944444444445 0.0394875 0.21850555555555556
1 0.48357500000000003 0.6777666666666666 0.06951875 0.24618888888888887
1 0.5664437499999999 0.5358833333333334 0.056171875 0.22542777777777775
1 0.5158343750000001 0.5363777777777778 0.061734375 0.1947777777777778
1 0.47718125 0.49930555555555556 0.046715625000000004 0.19378888888888887
1 0.39375625 0.4315777777777778 0.0723 0.18686666666666668
2 0.5389125 0.8593944444444445 0.10010625 0.26537222222222223
2 0.10566874999999999 0.4414611111111111 0.053390625 0.22641666666666668
2 0.771665625 0.44986666666666664 0.046159375 0.2155388888888889
3 0.7068718749999999 0.3035388888888889 0.045603125 0.06723333333333333