1 0.39435937499999996 0.4820092592592593 0.046390625 0.17358333333333334
1 0.5435833333333334 0.5522777777777778 0.06447395833333333 0.20847222222222223
2 0.03830729166666667 0.49887037037037035 0.051354166666666666 0.17574074074074075
1 0.7586770833333334 0.514287037037037 0.06302604166666667 0.18738888888888888
1 0.8664843750000001 0.5389444444444444 0.05108854166666667 0.19248148148148148
1 0.3011510416666667 0.518287037037037 0.06369270833333333 0.17895370370370373
1 0.6074635416666666 0.49177777777777776 0.04579166666666667 0.16581481481481483
1 0.16877083333333334 0.5093888888888889 0.05455729166666667 0.20489814814814813
1 0.66028125 0.509287037037037 0.04092708333333333 0.13014814814814815
2 0.9284687500000001 0.46169444444444446 0.03447395833333333 0.17205555555555554
1 0.539984375 0.5119814814814815 0.07377604166666667 0.1758611111111111
0 0.5638229166666666 0.5111666666666667 0.015848958333333333 0.028712962962962964
3 0.5171510416666666 0.2599351851851852 0.028109375 0.04916666666666667
1 0.2930260416666667 0.46578703703703705 0.05884375 0.17069444444444443