1 0.148340625 0.7460444444444445 0.07677187499999999 0.2776
1 0.3275875 0.5476777777777778 0.056603125 0.22555
1 0.449253125 0.5656055555555556 0.07091875 0.22670555555555555
1 0.5123656249999999 0.6373222222222222 0.06571250000000001 0.22670555555555555
1 0.861421875 0.6425277777777777 0.079375 0.24636666666666665
1 0.6337062499999999 0.4019388888888889 0.05985625 0.18391111111111114
1 0.567075 0.49930555555555556 0.04738125 0.21902222222222223
1 0.535284375 0.4612833333333333 0.04416562500000001 0.2065
1 0.67109375 0.37687777777777776 0.04725625 0.17273333333333335
1 0.547021875 0.4931055555555556 0.03420625 0.19567222222222222
2 0.43282187499999997 0.85765 0.05746875 0.26347777777777776
2 0.911921875 0.35703888888888885 0.05141875 0.22153888888888887
2 0.33391875 0.35058888888888884 0.033875 0.16776666666666668
3 0.35349375 0.2971 0.041415625 0.05683888888888889
0 0.4107125 0.1698611111111111 0.01635 0.02971111111111111