1 0.6235468750000001 0.5332314814814815 0.054968750000000004 0.2465462962962963
1 0.7674114583333334 0.46974074074074074 0.059244791666666664 0.1869537037037037
1 0.5385260416666667 0.5251203703703704 0.04255729166666666 0.21035185185185185
1 0.49038020833333335 0.4828703703703704 0.04972916666666667 0.20417592592592593
1 0.4373958333333333 0.35868518518518516 0.03909895833333333 0.14252777777777778
1 0.5186875 0.38761111111111113 0.02918229166666667 0.1579074074074074
1 0.4472447916666667 0.3268240740740741 0.033890624999999994 0.123
1 0.7791041666666667 0.35000925925925924 0.02821875 0.1259537037037037
3 0.7602708333333333 0.16587962962962963 0.022687500000000003 0.041074074074074075
2 0.9097864583333333 0.4000462962962963 0.031197916666666665 0.14831481481481482
0 0.7428541666666667 0.44793518518518516 0.016651041666666665 0.03241666666666666