1 0.026215625 0.4988555555555556 0.052434375 0.19808333333333333
1 0.250703125 0.4977611111111111 0.040965625 0.20609444444444447
1 0.352496875 0.4187444444444445 0.037278125 0.15730555555555553
1 0.42029375 0.7191500000000001 0.08684375 0.23959444444444444
1 0.45409062499999997 0.5673111111111111 0.058578124999999995 0.21119444444444443
1 0.581284375 0.500311111111111 0.072096875 0.20973888888888886
1 0.592959375 0.4489666666666667 0.052843749999999995 0.16385555555555556
1 0.732440625 0.5177888888888889 0.0770125 0.20973888888888886
1 0.913503125 0.7075 0.149928125 0.2541611111111111
2 0.6904531249999999 0.7610277777777777 0.0790625 0.21993333333333334
0 0.35290625 0.16131111111111113 0.016796875 0.031316666666666666
3 0.77106875 0.2704388888888889 0.041818749999999995 0.06448333333333332
2 0.7382125 0.39409444444444447 0.0341375 0.1631