1 0.34754166666666664 0.4193425925925926 0.046781249999999996 0.15960185185185186
2 0.65403125 0.9062037037037037 0.05906770833333333 0.1845
1 0.40291145833333336 0.536888888888889 0.06808854166666665 0.19944444444444445
1 0.47435937499999997 0.4363240740740741 0.069578125 0.18069444444444446
1 0.056817708333333335 0.48114814814814816 0.065875 0.2146111111111111
1 0.287078125 0.42174074074074075 0.04702083333333333 0.1799351851851852
2 0.7442395833333334 0.44237037037037036 0.040817708333333334 0.1534259259259259
3 0.6019687499999999 0.20583333333333334 0.03334375 0.058861111111111114
1 0.4541145833333333 0.3460462962962963 0.07209895833333334 0.15833333333333333
1 0.45865104166666665 0.41455555555555557 0.05953125 0.15310185185185185
1 0.44066145833333337 0.34719444444444447 0.052671875 0.15589814814814815
1 0.37575000000000003 0.2260462962962963 0.026171875 0.10776851851851851
0 0.47677604166666665 0.2539351851851852 0.015010416666666667 0.02662037037037037
2 0.23685937499999998 0.2515833333333333 0.023609375 0.12878703703703703