2 0.1024875 0.33465 0.029871875000000003 0.15473333333333333
2 0.92755 0.7613166666666666 0.077253125 0.2371388888888889
1 0.317 0.45629444444444445 0.063209375 0.21452777777777776
1 0.634003125 0.6963611111111111 0.06895625 0.25198333333333334
1 0.6119749999999999 0.4579944444444444 0.038309375 0.1736666666666667
1 0.384996875 0.36520555555555556 0.05363125 0.14812777777777777
1 0.339396875 0.32247222222222227 0.055509375 0.1429777777777778
1 0.708078125 0.4930333333333334 0.048078125 0.1934833333333333
1 0.771675 0.4328111111111111 0.055509375 0.20824444444444443
1 0.7106999999999999 0.41921111111111115 0.040212500000000005 0.1934833333333333
1 0.96811875 0.5882166666666666 0.0637625 0.18182777777777778