1 0.3991354166666667 0.6680370370370371 0.059041666666666666 0.2381574074074074
2 0.7727447916666667 0.5191388888888888 0.03411458333333333 0.18611111111111112
1 0.595453125 0.5859351851851852 0.038052083333333334 0.21897222222222223
1 0.3612604166666667 0.5629444444444445 0.039739583333333335 0.2037037037037037
1 0.49049479166666665 0.5187592592592593 0.05426041666666667 0.16174074074074074
1 0.6106354166666667 0.5270277777777779 0.03451041666666667 0.18062037037037038
1 0.3045104166666667 0.5446851851851852 0.04341145833333333 0.1859537037037037
0 0.5125 0.4281203703703704 0.014583333333333334 0.02751851851851852
3 0.50184375 0.3011388888888889 0.03053125 0.05662962962962963
1 0.591328125 0.553425925925926 0.040859375 0.18150925925925926
1 0.425859375 0.5352870370370371 0.07248437499999999 0.1556574074074074