1 0.41125625 0.43416666666666665 0.07006875 0.20120555555555555
2 0.840721875 0.2912111111111111 0.055481249999999996 0.17829444444444445
1 0.82266875 0.8197888888888888 0.11848437499999999 0.26694444444444443
1 0.34293125 0.6047777777777777 0.060946875 0.1988388888888889
1 0.49699062499999996 0.5424611111111111 0.0686625 0.20802222222222222
1 0.39161875 0.644938888888889 0.077403125 0.18158333333333335
1 0.127565625 0.8078833333333334 0.082053125 0.23689444444444446
3 0.15155625 0.30019444444444443 0.040834375 0.07488333333333333
0 0.276334375 0.5712999999999999 0.0207875 0.03291111111111111
1 0.711653125 0.6123722222222222 0.048103125000000004 0.2363222222222222
1 0.466840625 0.4682722222222222 0.061731249999999994 0.1999166666666667
1 0.5957875 0.5395111111111112 0.059025 0.2102277777777778
1 0.9667125 0.6230222222222223 0.066575 0.1900277777777778